3974
34306
98134
65070
42710
18322
26449
18271
84955
90409
22783
43510
62203
5485
29840
92611
667
22418
21145
73154
87883
43165
81637
87556
12394
37222
55496
13605
68365
62479
70690
18600
50456
4285
74157
44286
57017
2729
86578
50457
83212
32982
88479
43948
39444
12139
48420
35686
49749
55232
27917
18530
22325
26555
45474
16020
96013
11305
32140
75224
87901
75526
70068
58606
85925
2854
89527
47208
85827
68359
72784
13270
72960
40212
26801
11211
53933
13617
14494
97468
22375
997
51699
31515
49817
36504
37611
2255
32537
57137
35437
42557
41905
22020
76552
66173
76730
56870
87530
48586
90330
17096
1286
89391
99763
70919
64092
1265
7432
2195
26763
58155
23702
59869
55289
61010
28169
1823
5139
59133
14752
43142
26069
28498
60478
41535
78119
55625
56756
66783
83635
91359
402
86565
57543
79796
39404
59403
33044
62741
82776
35916
8639
39944
9397
84326
49563
31528
62169
81114
22636
70755
24226
39097
71648
95874
47404
15487
6157
57259
57934
59743
16142
74258
87711
21866
83397
41149
85845
33665
32990
24328
66980
35958
1647
24383
66672
53490
26672
98538
7551
29955
58174
45707
96754
27814
99593
31007
53185
22529
4081
47135
72692
40433
90886
88369
49800
200
67384
72245
22774
36499
85187
79413
95565
24881
25683
80290
40902
48462
64632
29982
58726
20660
7014
55464
98242
90617
2968
60820
8793
56324
59523
56497
23594
19561
56981
59555
15878
32982
43073
4217
80505
39812
40549
53048
66028
32905
76591
41358
49554
9564
45842
81801
76426
56483
76948
26398
25034
91742
68849
61258
16768
95488
62416
89874
66019
54473
59877
50000
10719
65438
28056
88215
19095
91904
47228
81641
3178
34054
48591
58628
4255
13975
41180
12720
78642
66942
47266
63392
35260
3211
88205
96468
38446
55238
63352
20098
31075
51925
767
92166
12210
59534
90979
70175
26815
41098
63507
7943
41175
23164
75962
54424
88997
92626
90410
8266
53089
81906
57652
74176
65790
21085
76366
2642
1951
10897
8773
60010
82671
35095
37558
3068
84979
68082
60336
75525
38576
26209
11005
99361
81912
93071
67827
96837
54140
39246
82359
39536
66878
53049
62462
7963
44436
66274
53435
33272
22258
54669
12427
29277
15220
53864
48654
34160
86896
62158
34976
85899
3285
27684
1385
77370
80101
88443
76346
13506
64966
6055
20899
33401
71164
33533
26746
23616
91912
51468
19822
75806
53681
64297
20240
10608
41800
6025
98901
8970
7272
54295
25226
35497
40753
70657
79037
32846
54157
18870
84373
74870
71252
55086
32457
19705
63171
25895
98521
21503
55731
61761
39370
22231
69552
58220
21508
48543
35088
13936
4222
88411
76244
98286
67729
68117
39828
64777
84432
91577
48492
68985
60903
51904
62563
2059
26550
13108
92368
51278
76022
5803
96036
14043
11424
19899
29933
95582
9213
42560
83990
44807
77120
46347
38422
42319
53916
27955
66730
18803
55035
66013
91014
87903
98635
56296
28594
11599
79517
66091
70515
18072
60699
91709
75926
13993
59658
27314
73709
50845
42435
79505
14870
37559
50794
18890
97558
96987
39732
51172
96617
73189
70851
70865
70763
22323
1870
25954
36063
83000
4597
95573
54680
20000
71675
86246
10781
59089
20891
92789
94916
44735
14866
3020
7709
77519
33463
74310
76090
25404
25365
4893
58702
88394
88352
82026
5107
11583
58545
90659
55974
53555
25755
68718
63596
56616
90389
19484
44184
96681
39602
95818
61229
10731
85144
23705
14897
68081
92474
95630
81121
45235
87355
25316
27172
51477
68253
88858
13292
58696
33284
15025
29840
54212
40135
7352
98091
15433
27794
97507
21934
4656
79217
25014
16721
48085
34222
87369
97817
41330
82515
23808
75722
92358
76250
54803
28002
33292
46418
50222
88765
90057
10068
52071
81509
19939
1031
57236
8859
98715
82827
35831
52459
67029
17019
66369
96721
38053
27544
17415
56618
11244
68551
13110
11677
55100
53058
51872
29055
76199
24721
52011
92839
65586
19894
96554
95592
99129
30360
67845
73009
24295
86071
24257
37077
5379
58424
33510
56898
18564
44379
64899
75238
360
51045
55655
4778
86580
43948
30609
18971
35186
45643
67439
48679
6753
2371
11517
85844
15638
57397
25717
70215
3669
87619
35590
87894
34623
9178
23521
24712
81884
3158
16313
76241
21673
92333
77430
89448
51524
37177
781
24067
43282
42381
6728
47118
82621
21416
30704
74871
1265
13770
41075
58107
80665
90307
45981
8705
75850
89959
48984
68087
6745
82572
96573
70117
73460
91940
50487
11984
21846
58925
53041
50095
2990
75224
70904
8157
4051
75829
20244
31229
706
4530
57356
62802
61783
91750
8299
267
93492
36156
19220
13849
54260
42173
58747
87904
93862
57677
57883
27731
40342
10425
53139
44842
36878
47923
88863
98242
51066
74576
71989
65133
48291
60628
49691
83244
76145
57668
4165
14752
85806
73706
61800
22409
82534
44896
35980
34891
25460
10381
25618
40439
34160
624
83576
29894
41592
26213
73696
21188
47304
7620
6120
4744
65604
81087
16069
91493
91060
91989
74572
88557
35459
48079
69393
42287
97575
81572
51033
75973
77251
48476
63394
1866
13679
66073
49047
9202
69942
15496
66148
18489
9375
4127
73869
85982
90607
74886
70033
19683
99948
80258
60913
93082
16191
65826
38395
30509
82586
93054
82239
2821
54504
56607
92071
77643
77832
65297
63003
55459
27236
74640
10983
7985
71332
8248
36751
67271
16365
13423
36463
44602
55397
20358
17397
49899
72661
20526
44816
31097
97067
13075
82710
1486
24891
91295
3676
53700
83426
5534
69978
22745
80261
5951
99128
92805
11756
11112
9075
73493
38459
52864
3568
38805
91796
26111
84245
3214
86442
58905
75346
59603
37043
17272
15395
56160
23925
89777
15731
84061
26636
94177
22517
81975
62344
519
17846
83376
74899
17618
94373
61825
41732
64870
78707
79472
72204
11431
36407
64840
52375
46073
58427
14938
53363
77290
13893
41441
67817
59508
11931
72543
16926
18572
80744
21672
73571
71084
55656
36105
25338
97080
62183
89954
41366
7753
17925
80671
7025
2490
97698
7392
55295
81646
3025
51341
51730
73346
33565
87066
44093
47963
61008
30761
56794
61154
8234
56620
72349
17967
75462
65035
52202
29633
98645
61014
22707
56176
77448
5430
83003
20010
56266
46025
21047
32072
74891
25105
8129
44135
12676
39865
47472
98265
92536
44645
28515
92041
49254
8730
78380
4589
20912
7973
89844
96637
59484
47331
25703
40928
71345
78573
80473
41753
60108
92332
3098
17262
95838
9277
76876
64901
17512
3741
66977
51701
206
49706
5449
36398
93395
1050
87514
71500
93958
24604
55762
7038
59819
63815
80895
6044
58827
19363
30102
12019
38950
27030
90262
2934
8519
99528
91866
63645
58164
93126
22666
57729
12507
15272
98906
24986
162
98894
9772
94776
61474
45737
4373
89344
87656
77378
92603
82124
23868
45511
92141
91980
36728
92481
23935
52703
29268
80457
82683
38204
70908
77501
91599
24298
81440
67029
30276
44167
41130
21606
98940
29921
25983
29432
98480
82503
84319
60795
96274
18436
4775
73634
25705
80221
60818
81305
25777
95420
64648
82315
38405
73769
67431
79979
35377
18512
54872
45331
27126
21973
18239
67756
28453
65147
37973
15960
41215
62718
58937
18724
18227
95074
5127
40355
26417
52431
32583
64915
15294
7945
10532
38322
93450
67778
80781
32289
43783
71279
14539
39126
46933
194
16979
70512
53010
12086
97681
37621
55204
37667
91886
76737
55143
9798
62107
92234
42140
9498
66332
60250
68824
88766
81066
25262
17864
75295
30477
93175
79874
88536
32450
15815
53473
57243
19110
91865
92805
73723
1234
7270
94067
87683
55295
90817
35814
43168
65210
46557
27739
31491
30440
30952
79829
98235
45648
63621
18925
23406
86008
27844
15079
56932
34946
8910
47480
36140
82960
53932
63999
18056
20760
13313
45133
1164
73497
68039
95699
74499
17934
59660
77049
34532
12162
93304
73591
72186
31126
26154
90130
89713
1689
99902
10863
8692
47546
22175
85453
85669
69113
43001
81114
63727
39713
16484
57693
85903
56293
5892
78078
90307
75811
55910
63245
49960
44853
71189
50322
3989
22176
28396
73246
15251
94021
43608
98910
92160
87498
56539
31106
17088
18695
76276
13562
76898
58785
50358
19723
8834
9697
44710
11467
49256
58855
78718
62449
29965
34036
12063
54232
99425
65845
11428
54028
5937
16721
55867
30643
37784
57565
55650
43201
87283
20661
32279
39241
59540
45047
80102
16140
48644
37912
99707
28479
15339
75536
25305
12001
67571
11850
52864
85385
59617
58222
17843
52292
57417
1575
30553
73931
53408
12858
56467
30148
19302
2727
692
20897
2462
70071
69246
15564
11004
79076
81364
63657
28101
96342
41323
85081
1120
44116
14007
20114
44507
16208
81424
7201
82021
25245
30297
91889
47594
94293
69559
98068
75824
74993
37734
59947
93291
22565
9701
91582
61769
84445
26553
23278
23911
63609
5257
53478
73549
45260
4426
36541
58788
6008
95030
58691
73535
52450
27901
14918
31136
26426
90705
69094
47568
87373
86610
54061
33648
20447
74804
9187
74477
95174
1013
67158
81704
35031
34855
38562
55547
24712
26038
14011
18273
68357
79901
64886
58915
51883
11867
99372
14858
65004
8019
90846
18867
89323
27721
6586
26561
29793
23372
93875
64667
74836
34018
15531
5176
40715
40912
55497
39768
61623
8970
48069
31532
87316
50768
86141
8702
58176
3029
39996
65189
98151
82722
23621
14613
68916
26299
26255
47416
93626
70325
1641
28970
30440
11879
75052
60190
28880
1185
41573
40995
75976
19115
22365
68066
50343
12313
53472
45320
84189
9951
60845
34617
41907
3323
67627
5003
9785
54684
82787
49648
25111
73407
38421
95034
31197
82933
31247
67756
64688
77645
77328
75024
21464
84496
27091
24825
46802
29752
16152
53650
41818
48422
61897
51035
32968
97327
69955
98471
26785
23271
35592
83181
27879
52434
17574
33963
99845
47690
15341
62990
41611
82321
95131
68671
2166
48338
32658
90874
39854
3227
99298
60981
40274
77048
37983
82538
25377
67059
36010
90877
21208
25341
43171
90099
92401
40010
55566
33737
68984
47776
96804
38254
14240
42803
4787
89298
79414
90388
35259
54334
41766
69360
62066
25104
86145
24418
29330
38857
46112
81018
10126
78552
68675
94155
48167
501
54043
8095
44084
16220
51502
74702
94699
82237
18494
85381
24043
61638
56074
7076
79047
27820
8571
41561
64726
58942
70488
257
90537
86247
16911
52751
95439
78867
76160
88694
32808
36763
64027
50693
11044
29759
48339
70107
60385
53919
22687
99958
49005
35011
36266
73245
50310
88924
48438
85292
94517
51862
45926
87809
86489
3200
39386
82669
46575
12895
45793
53984
47668
23936
50960
97053
49543
71512
43997
57638
71790
86783
99873
56417
71686
50635
77507
9042
53881
74526
85891
99933
61908
66743
40694
86094
47664
15915
41278
5394
41655
9486
33710
23701
99020
90200
2987
68419
2628
45997
78841
40102
81401
39770
34061
88867
25798
24295
48236
50921
56856
60261
69405
77883
83377
67586
76510
88473
63197
66419
34857
78685
55621
88758
83016
9127
6593
12123
67917
51463
52611
90727
35680
53468
43976
41328
39645
389
39614
51432
28028
53635
25734
95231
2216
82983
62883
14002
42504
12341
21142
9687
8841
97505
55239
92145
71514
5989
27631
15316
5145
743
25885
28388
17648
39248
92864
73171
17893
57039
51220
13706
24817
49477
93270
66443
74338
9197
2220
75567
15349
45514
79017
85358
81017
17695
53329
57709
1971
85222
22813
95462
80985
66052
3985
36769
93829
1415
5928
92943
22274
33424
66303
3133
62145
5609
68793
47891
63686
21883
89949
25931
19131
79185
2076
63722
94611
27839
67506
71908
38009
939
60650
31966
87030
6027
73233
78104
49248
9710
18825
69926
57794
50612
51355
48370
6224
8226
55133
4349
69377
27516
47875
83126
17978
80891
80563
39423
95119
72740
22157
22239
72114
8159
15851
33443
97063
54219
27030
405
88169
66472
69737
79752
73996
40584
48758
17511
89408
21178
95735
53393
75358
84558
61103
31572
70305
19942
21569
22426
23688
63704
79733
74969
85403
36025
76127
44787
78654
27597
9146
52511
85194
25078
24069
89250
57915
29208
35959
83176
70137
61719
28265
36755
98205
52739
70505
69735
85635
99379
65795
52664
51188
62631
93271
63306
7553
97590
14159
87067
1507
17754
47853
59300
31374
67191
32391
53719
79519
93400
59500
1092
33062
18905
94309
55859
4599
51879
47706
44810
81622
30708
22589
97301
94478
11779
34977
99407
42221
36930
19382
42207
94096
52274
45947
56359
36723
88237
58563
83153
35302
97297
15473
2246
91707
94394
77819
59080
32447
33285
25170
11683
63985
7144
71509
77310
99429
31087
73799
63126
37066
50866
46188
37682
14651
68712
16097
18063
47820
73677
89808
24709
5180
25887
99289
16975
14667
39920
28693
31807
78049
87775
39983
89544
31811
38832
62700
45681
72027
82059
80956
131
45814
44220
47482
12523
53105
8881
3242
5335
60788
62612
59653
98228
55606
70290
5456
2160
22217
88529
49655
72233
85895
91636
21077
35963
16579
87315
21930
11341
4566
7440
56305
41105
69860
60606
27144
6775
608
45106
86392
61238
34657
43650
41963
33355
63076
11758
71162
53040
51647
74401
32292
71061
76861
31866
92906
20484
4802
86432
66325
84118
51034
88825
12754
72382
56568
94210
88061
59967
96372
12730
5297
14499
80914
87030
48677
22102
71837
18283
58476
33110
35396
85936
25980
27764
41486
99932
59729
8106
65555
63945
59017
35300
31870
42885
21754
59173
27522
19192
87333
9037
41450
91815
89793
80745
33192
77091
89239
97468
42924
59318
7488
42699
2385
11577
58699
97504
31462
7923
3211
12151
75959
1288
57468
46243
75937
39528
97648
94096
5690
38504
89692
87268
62662
63279
83218
27002
46083
46448
36873
30527
10827
21798
29447
55449
27632
61513
91877
93703
32972
17031
76965
19249
69888
50876
30044
25380
5618
83998
25312
11674
55891
91214
34563
72732
18259
34122
25348
66280
19451
60302
85588
65840
21405
44265
32978
43036
85286
61005
17196
92556
9367
31853
9964
55706
71806
74042
21259
63707
21768
11179
97326
54113
67462
66034
53819
94544
23986
3314
92285
56618
67348
41018
77699
61562
88101
52863
41928
86961
98696
30234
99123
2860
68594
77818
18071
59974
38478
43297
26961
8685
54654
24261
62220
9444
82216
74821
42445
60580
90852
35705
74123
20576
52724
12359
89187
3878
14753
34854
84904
36153
60475
54571
75656
47329
79082
52687
55350
70906
77565
87758
88356
76262
16027
73657
14541
38491
91819
78999
99663
47321
10797
81575
54958
49047
55967
19903
96536
18926
18675
66044
45840
45592
75672
22398
91184
53821
86925
11489
61343
87586
99285
49851
20374
94021
99571
83460
75601
34343
26566
59704
95707
67592
17273
61840
27049
11899
66317
50635
93487
14254
19493
54698
69669
33032
65091
59040
13614
36134
22707
43049
62940
18980
66703
11756
10312
35038
27200
74189
99422
50788
27986
58974
6827
5782
71189
3961
97484
86440
81651
78019
22620
39339
77043
43414
8742
71403
76949
73460
4458
5162
15896
35315
82388
10948
37880
74787
2643
71143
80369
65260
40880
63532
30140
46457
34911
30601
89969
11550
1379
572
67365
44888
71955
33406
53031
68479
94757
27753
19828
33076
21891
83061
32870
95285
34613
43336
30948
57514
78703
71369
18166
75975
82459
30824
22728
71411
4750
70230
40402
33957
30590
30726
49494
27986
11561
39102
72261
90272
95922
60487
61942
82797
29492
56177
81142
94702
73215
67005
27243
96191
92899
10742
50586
90421
94784
71861
87504
13679
36234
10267
88992
27151
96233
48883
54026
43711
88546
95000
16836
24907
56465
28474
41938
98743
15940
43243
26944
69199
95836
69001
97042
77170
40274
8328
39265
19872
24377
45787
21924
35794
34077
92037
47241
57218
8933
43484
71638
80005
46995
42551
33285
33432
56434
17370
34852
66616
75693
35114
98806
27739
44669
29721
65345
39939
34029
94343
93040
746
15556
70424
11184
92936
49653
4633
45475
25444
27838
34377
6358
96523
211
84949
4212
15615
90652
65562
1676
23893
62952
22293
82549
77720
73959
6208
85364
22727
55400
1643
60682
61722
85949
76096
6649
43230
97299
83973
32250
54212
40916
49342
31207
57511
33495
61380
49575
55825
82760
356
94788
24025
92826
93770
97640
41050
49426
83364
32436
73698
58224
89211
39547
67405
84821
41089
694
90412
15971
40988
78123
38010
50454
41290
60903
104
32077
86690
36007
3731
10932
33902
43848
45053
99678
3395
58207
9532
79284
20392
49580
54543
84967
56714
65205
40350
93621
5586
33708
2758
41620
42467
39241
76574
56074
99270
40453
75797
87952
1520
78316
36763
19061
92861
19941
97077
82060
44882
86348
53973
88697
98413
22911
36199
4879
29586
23712
19520
41379
95402
28944
66262
99862
80750
48394
25347
81591
63789
39216
6875
79831
60431
78602
29309
89275
56545
76115
51249
66821
87218
6006
22428
16490
13647
19174
56862
22371
91104
25939
52759
14258
29054
8554
33220
20781
6415
45445
21927
17414
82344
94043
66229
31448
50711
61593
1912
1048
78832
78928
8925
19973
42999
92902
38607
93117
60116
21401
89158
50338
47801
22624
33959
31645
8395
7284
40782
21732
12714
52944
7130
39057
27645
65885
97734
38070
5972
45246
54620
64640
15182
13833
51266
78404
61271
6999
3189
12942
82259
21980
26505
39298
23093
62080
75848
21761
27640
55144
68868
11222
12615
12616
23289
33922
3735
79877
71382
27286
77973
60753
99774
35687
8408
74574
98345
20182
90077
15433
90203
36631
82630
79171
93551
28010
66098
34219
74167
40165
91383
17523
1438
58752
62383
53863
81923
26765
10620
39643
60939
89005
84160
77711
86655
94556
36070
84001
1349
33946
59571
69375
37451
63817
33649
52132
91268
98021
59118
23013
84653
44679
99944
33813
16218
69197
22668
84636
4992
64835
41936
90012
32030
20638
86146
8567
23780
30985
35800
45195
74395
48995
14499
79491
99627
1858
64534
92116
14316
21539
91350
24654
79877
61824
88074
93596
50821
26550
58040
1909
72721
9831
30964
53731
11859
67750
78620
38426
24987
37632
89006
68692
95978
53176
99973
14280
93376
47013
30957
43349
6945
54375
86324
98026
77215
95825
33885
99807
76711
9901
83946
13633
85117
26819
66971
49842
2702
95014
33387
2793
33958
24992
37552
31674
96172
28100
79097
67546
55630
80144
30783
20051
43909
15911
1178
55034
60803
4032
16684
14144
85117
72736
77909
48055
94701
17922
23952
25708
32880
87528
47452
84748
8355
14898
56063
7413
21649
19894
4036
6605
56035
46140
19079
18207
98868
39926
17047
41613
73752
31020
10894
40268
72273
76485
22131
32942
71487
98778
28452
13751
51821
9243
87814
59492
7240
84022
18826
55923
24272
72300
19559
90441
66374
88836
40222
37111
4898
74496
80586
67038
84666
48341
7171
44458
54307
87432
8694
88922
23668
21538
19787
25403
76488
77842
79593
87267
65551
2964
36736
28784
44206
27017
28698
29269
82150
99140
72189
89595
77596
78595
5397
12580
92168
55645
69064
45408
83062
95185
25862
42140
91812
79216
19194
36275
23744
81693
46444
15560
77578
54774
32926
1549
32191
29095
46307
27682
68805
48628
33252
62113
17755
41799
83733
19997
9226
75050
91455
53991
98352
90595
12953
50555
42976
54426
35136
77
97630
95992
16697
71886
66446
87829
10914
4736
62485
23636
65707
15341
17483
57458
26137
72635
87653
42448
69781
33849
15702
34291
35657
77438
54793
96247
7521
77574
56140
60202
8057
7393
18416
27090
60803
69284
44958
10989
64507
88682
58388
22965
91237
79088
90135
12616
93576
23817
35447
13477
94812
38479
76683
78827
37190
29038
95294
86771
4472
25051
65024
28430
74578
65108
12742
3067
31753
9981
51252
86932
7728
99042
71479
20859
76312
80658
91562
93894
90150
37513
65445
73721
10812
11179
23090
45549
18828
12779
99320
44204
7185
97886
9063
26957
12851
74835
93807
12210
92651
58125
81519
9151
31500
25911
32397
14561
39025
35467
26019
2276
1362
60279
88098
11720
22034
47088
8492
18781
56880
66907
14737
25825
7859
10053
99635
36712
84984
82478
39650
94677
57876
48019
6150
39815
26393
85128
98472
56986
24557
90552
35398
42307
52573
76398
44128
16364
72359
15539
39307
57622
16400
70390
49052
62497
17845
12021
35734
64976
76498
81389
63002
14972
59845
9233
38149
77224
52557
70282
44531
19957
26966
47002
4905
72972
76223
28173
1141
20850
6017
49583
5677
8588
6561
94660
69252
23022
83124
71983
92334
31420
52811
94156
38791
98311
65947
85230
65946
63690
52185
6346
96104
32290
76509
82446
70349
73642
55859
792
30916
60395
62926
73011
46320
69782
12864
69116
57890
97693
19670
7313
55335
66625
15731
12861
66438
35709
3905
86195
80288
48500
66054
4054
67900
93273
43360
79981
52093
50177
61682
67542
20862
97878
77013
42936
19996
60343
34183
29654
34685
82423
69789
82886
82168
71747
37673
14124
16531
9847
692
77483
19803
62962
7270
17348
78334
91394
50065
57902
77933
99352
9994
84020
58939
41556
54586
49088
62959
84428
65133
13398
78566
40087
93179
73764
71309
58529
88631
20238
37959
99594
54758
11419
38365
68698
4629
35924
52273
42192
22231
71166
84535
25228
16187
7982
9300
42789
88613
96599
58375
43378
40765
63878
26191
1624
75849
43601
19411
26774
27686
58486
56357
48716
2622
26106
83432
45765
84797
95599
2189
57461
1209
73545
20220
48973
80326
67509
47238
68864
29683
7018
78941
46722
76539
33211
71144
28763
58685
27558
78728
14109
80861
35539
65434
8751
51087
33368
42016
12098
87512
51694
97897
86556
19813
90537
46087
42813
90432
82923
23990
36689
21496
23415
10031
60632
69640
82982
49032
37618
64482
1590
8471
12875
60749
33526
18958
17692
65725
58256
97289
64362
14940
26315
77286
90810
1937
4511
2541
26360
50472
6169
54970
45702
470
72043
64351
24379
92954
16185
15835
71107
34084
42353
98955
41575
47439
83158
70944
59260
58851
41495
54999
82563
50193
94621
97507
25895
18570
42213
74693
31592
7128
78176
11958
84196
10443
35800
15264
22625
56256
36234
87560
97953
8920
93972
49629
93844
32435
19839
4842
92703
96271
30247
2828
27384
56250
41810
22726
76505
28055
25553
85887
47076
41589
70573
98077
36924
55926
40700
22819
81944
76024
51804
34335
12517
28119
4659
79194
95820
37448
28889
9094
395
34409
18874
62684
75535
12488
87487
35930
13473
6142
24745
3007
12869
53211
14753
45898
61304
72832
80668
21472
19238
69271
17345
9450
80769
80920
99740
75106
61898
61295
86354
89301
3208
80945
83204
38560
15729
10026
17211
59941
97372
21907
23299
36860
8074
14218
22038
27599
49902
85993
35036
57942
32514
55532
19556
33570
43131
53159
11545
51210
21883
98192
15994
11
24563
29833
64072
51655
68227
78662
4500
51357
62825
55238
5622
90315
13464
35529
17064
17971
2929
66072
75742
43347
91985
46120
12114
30780
10968
16481
98356
48555
95045
50840
47580
71824
16313
73805
72781
63083
17109
91693
60591
82763
40889
87334
47402
88929
82598
55824
1461
23415
46139
92659
76887
8045
20137
54274
74887
80581
33323
80654
46048
97884
57613
8216
32935
61251
46520
4416
32406
74481
98286
60334
84890
99449
4600
23951
83258
29442
5977
90373
20531
56875
93350
7406
52255
76189
3163
70844
48143
88820
90125
47472
85508
86290
56980
65391
33654
9149
67197
81867
28409
23051
63406
63731
74368
99335
98409
65100
65747
36238
90915
29512
11135
43601
48467
60818
91195
72467
19363
95975
60311
80291
59066
48535
36289
63362
8820
71735
91924
207
64672
69113
46691
59640
53420
90667
57218
99573
45074
22232
34622
93090
55015
45631
3157
18487
72532
38167
1161
68985
87570
15325
66967
30689
99155
59201
22594
56881
57569
26628
52713
96353
23924
51319
76987
90547
7960
18376
56459
31779
30820
78034
28203
2828
87564
28769
7413
713
77732
33187
99620
59025
85034
6927
97008
1880
63497
93274
93070
4789
22821
6733
16516
30006
37812
30837
10923
76499
14854
77139
65309
6398
64316
24891
17408
53472
73993
80559
34081
83905
76928
98001
75532
19808
95293
3831
13959
6411
63028
32453
93404
73769
65172
24949
77693
33253
17676
90693
40358
98579
62033
26947
97484
16307
98221
11755
84406
42922
18613
26899
3312
12460
56065
73080
56132
4720
85085
51629
85556
5048
93211
96086
71045
55084
34054
4232
23668
19920
93673
7965
94425
86402
34766
32858
66857
58453
12780
15544
4153
56385
32377
17376
89723
57033
12611
92367
28554
17200
47794
59475
9778
19971
81400
11642
89191
24924
34131
6883
60267
23265
38098
44679
91238
36416
75731
36873
65407
80498
57973
13601
67763
29569
83483
4350
94155
45595
94198
14048
69246
11736
95811
18104
92380
61884
72595
24626
48272
6646
90368
25926
72832
19900
44555
90975
7763
83793
78953
68850
99673
61591
47493
88683
98620
30096
74596
94969
21379
20406
26503
24334
82262
51326
43133
26889
11783
57140
84063
39418
91693
86129
2578
4860
94187
23708
40620
25474
10255
37144
84251
18440
90337
4598
69026
92933
33603
91820
21261
6819
31029
90366
57313
60881
50628
76943
91237
58766
63052
97086
8113
8670
44866
63419
67105
69481
39119
14726
56521
63506
75649
65720
35789
64696
51734
73915
86634
52993
84961
816
35269
65802
87170
42105
42925
77165
62934
82969
86926
5908
24698
40391
93715
40212
25924
82232
50872
67576
91262
11190
4425
77345
66120
36817
78982
71288
59924
77126
24692
59377
14695
62615
45633
23985
53379
21699
1309
5216
61961
88613
18732
5500
91774
38613
50720
67637
91839
42096
36649
95515
52116
54121
57341
58520
57051
19573
24105
98337
87148
84884
46493
30044
32050
28715
59183
77734
75359
37346
90863
79432
37956
96017
83125
10057
17561
61190
72316
77908
193
49364
9524
61749
98558
14037
3450
98427
79918
83089
38376
43969
8045
15331
16645
82327
2816
88712
81361
87628
68028
27510
25431
70232
80015
60985
78891
3980
36131
39150
30522
35040
66789
42051
27689
54752
11937
98763
36130
54307
27108
4984
57668
92591
99681
40090
86812
73038
68507
61999
29042
38678
22138
11062
81459
11522
27745
62452
48257
62683
26102
47801
72361
77875
86166
86087
19659
27889
76434
20969
1185
49877
23851
19108
7029
93565
41520
20699
68211
37980
71541
44735
5103
57451
75527
22260
33787
72931
79661
33931
94538
37508
29083
49955
66364
51444
26434
38734
65801
1
1089
30031
63343
70780
43810
51370
77388
69679
1181
34946
33180
56302
6668
61091
24842
82806
15129
79556
20868
93302
60155
94979
16269
24513
57093
49742
75059
53610
90762
77064
36152
68907
66260
65290
69827
79444
80819
72761
90885
76969
24888
95209
61590
96968
10882
8614
49619
24076
8992
51068
10856
38865
29568
88140
34285
64653
44192
82270
99240
78417
14774
28699
98416
89148
37703
53796
97406
71695
95684
34874
80693
83682
48795
28637
1280
89343
5283
96756
31256
73177
29621
7641
60780
42220
22129
19338
48844
17403
90155
36651
62468
15554
21494
61605
52577
98817
82445
8643
94649
56086
1765
98842
72743
42867
54608
98793
2943
9855
89349
97439
65149
64273
49089
4332
52186
2411
18759
80115
23735
59327
7551
52458
56809
56994
49241
32406
47596
54527
37414
66757
32155
10007
29898
60899
21039
39473
13508
21914
71036
39693
5385
26050
76002
75649
53247
64891
27987
35041
67568
22
45847
35898
54439
16836
1145
55330
24571
50675
57270
8387
18001
79977
42677
27858
44132
42019
12511
21795
75290
45682
9134
37034
4348
41912
55952
70863
53358
64205
53593
73052
19895
6451
98431
13492
73774
69348
63182
49156
52141
70832
72800
40181
98352
51045
74723
90967
49203
68598
67453
99804
82218
60466
50050
89820
91460
83707
98992
42484
46663
77148
7238
93185
39297
72813
6095
50028
20208
43658
49575
65117
80418
53188
80918
87497
72253
89441
77553
57085
776
51318
48453
11185
57353
64271
4553
33074
17185
76695
84784
57207
47292
20396
89163
16668
75365
95104
11033
49254
56490
26786
79375
77062
24750
46321
73378
79889
15045
98220
28567
81133
1545
30689
91427
86433
19223
88305
34397
95266
12012
34858
66738
22872
2086
77156
98282
95581
69651
30452
17497
10391
76439
97093
42998
87886
27462
44784
75919
85082
48750
23082
60663
84114
47059
24170
53198
59527
62454
43274
72767
52923
61641
86216
31193
41830
29389
54929
73405
52349
33102
18588
72848
18048
8158
90827
6326
40506
9706
80733
82222
29408
72865
79258
46609
35101
33555
48447
60513
47463
73860
61654
14104
66164
28775
36092
8956
97278
12966
89328
14388
97455
5093
94316
51549
16363
93894
63686
19621
49249
35219
63425
30431
37942
82199
48786
29337
59523
53714
44246
12396
99449
37485
10099
84604
14511
35987
43456
80203
85327
30663
2377
20870
84584
23175
55465
10761
25000
10685
8782
62840
94570
7265
62528
57464
93514
49110
87782
60126
36194
39020
75328
6367
36178
48691
63755
27323
89070
84757
10952
31403
90687
45475
78741
70441
81471
99110
15498
58525
39448
96996
76488
65844
1927
55605
92569
13250
17833
29836
91947
34792
51849
60427
889
81950
26974
98308
19290
41589
38060
13692
93894
44824
70756
93292
23090
36089
71385
72160
26530
28381
28164
63481
9241
22156
5569
14730
62700
67854
74266
80877
52783
1390
54372
37831
70055
21323
13100
82743
44312
80767
19506
27226
49080
20188
17085
39920
77227
46081
16163
22681
98177
16922
89323
93260
3876
7193
12587
25981
28901
9516
31582
12008
18977
86212
56376
53355
79362
44333
62847
38998
98431
34250
658
56107
63964
14581
91858
98483
82059
71484
96235
67691
53996
88075
67784
25838
97091
2993
60823
6665
15931
64152
98650
380
47708
6103
98881
83964
82998
13215
58447
94145
45154
94224
58068
47196
32730
62770
19123
19436
9050
5110
48524
85534
78390
19659
45600
64337
40253
32679
22111
71608
35666
92682
90872
33156
19912
25240
30224
73366
71975
60963
38161
73699
70320
1823
82052
89327
73046
90113
49916
48093
50934
19787
13304
62967
7603
2094
52882
67017
20703
17993
75640
90147
45452
26001
76974
83168
44654
39186
96199
73259
29182
58789
25021
31040
18367
59857
633
43070
41713
32888
54547
90198
22446
66620
79389
28690
10467
64677
87669
84019
85051
15127
78596
32936
3834
68560
53577
97570
90732
95057
39358
58577
20560
81037
8508
89856
36696
45638
99188
46742
89394
18403
77604
38736
49141
2978
63981
5479
71970
88410
66764
42886
20453
48312
31345
75103
68718
54186
47283
92662
60299
90102
79069
70550
37242
59009
68669
28233
38830
59971
61620
37700
28787
48806
37138
85377
45206
55513
29389
25451
50649
94311
77652
85869
34387
55214
35312
59672
48634
54818
17794
84867
93822
28512
5435
27048
1191
52845
23308
16726
50310
14808
29781
55756
74937
99409
27965
62001
31102
15669
58481
30771
60555
33095
90017
15105
27364
61588
42955
9844
44534
92816
8333
83507
1936
84836
95074
97029
85574
59736
77267
65475
31034
83847
21117
24324
5721
4093
85369
34387
19624
68001
92216
82775
17668
28457
44230
53192
2569
24530
4368
83220
91569
85716
46493
8769
68561
56457
77065
70214
71525
78254
77962
45473
71127
70752
75398
99474
99615
5729
81493
58806
92354
24400
62961
55724
60281
9175
87779
40000
72798
2254
57355
50495
24177
76845
76262
27684
35516
71390
41474
2951
87727
71595
47248
996
86761
44794
70583
97902
54245
39157
66965
97119
39226
12445
21261
25072
45247
43608
72023
59988
31607
29828
56973
56297
81996
52295
23406
98237
44553
23799
22800
88067
67554
57355
60464
26054
6012
38458
1086
65836
38131
80885
85216
93704
49181
75916
79372
49945
72663
67697
21088
62307
53443
15872
22145
51089
32537
50436
73444
70025
7499
72062
51096
93242
25807
90173
50757
77469
36357
14423
51750
9067
3522
96935
40367
75044
86587
39016
51237
83837
43209
42007
79191
1783
83673
28684
49754
26312
18279
49211
2316
95721
85853
41427
25782
93493
16492
42658
29505
66548
69834
48462
61533
2136
35098
51716
69907
7660
79390
10507
33519
23481
52632
88859
89427
17061
14583
87197
16061
905
60203
46465
86012
83261
48567
24311
48998
17419
73731
33637
62908
12251
11636
16555
96746
96375
27310
26896
72889
86316
42508
2138
80500
89692
67704
77986
64082
44994
62077
34703
62049
76981
98017
65433
39870
43589
30657
30674
44943
31138
86515
99617
46409
24266
85301
81949
55523
14098
65555
32951
72984
58222
84521
17206
50069
86914
33267
21059
24201
74900
76375
66508
5258
96914
64045
41259
99580
53070
78485
13884
71408
11568
25251
41155
45011
27781
65
83352
95757
8282
2319
2592
40453
35194
20887
20645
46423
35513
92472
27435
35754
8021
72258
24494
27012
7605
34302
74994
91089
76812
90512
16632
25516
9127
27780
76748
31361
72614
65142
49924
37659
76432
90656
7538
39107
30109
45035
27238
57315
58748
92546
15662
59381
78766
88950
24696
7702
38626
26001
93299
84829
97413
71020
6593
31069
20035
47676
65783
47440
24348
71943
44636
28659
20111
80333
45202
2849
95008
2860
43697
83740
327
5924
59892
98810
12542
89281
69660
33330
12187
46360
46505
74473
44348
37875
10232
49595
51540
58414
5750
62230
10262
34088
83806
59336
55361
4635
66809
60147
28675
96087
5449
54365
69511
5256
81181
86437
14110
52231
37498
74667
35068
21996
32310
2285
69989
7477
27141
74514
90900
6200
18893
55948
79808
77180
3762
50706
4924
92950
30635
30604
40390
2683
39744
82947
70600
45386
87319
82064
89773
99149
79743
72971
3280
15552
34092
82510
58724
31654
16359
65955
83960
73855
94416
83105
34225
43797
29145
78968
49225
93138
28922
46868
75437
38658
6202
40759
73218
27763
42738
27657
85256
93813
37532
96944
14191
55049
88704
40802
52821
85300
24703
68181
51868
16876
82232
58346
56129
83592
34051
21164
40483
23469
15048
10142
64023
57105
24272
2425
62184
47119
77416
23384
11919
21688
52602
83849
29512
36411
66083
70672
30425
23200
77553
13723
44906
56434
29705
78287
64739
32126
19848
61437
59111
20183
54366
5152
38643
61260
97595
56279
99739
60442
21264
20413
19164
10327
84729
14880
31499
33949
2762
49690
77039
98143
3251
32460
76505
98041
66100
82363
33822
12296
8037
15065
83363
3628
40693
40944
58476
40901
13245
11699
41213
37053
51885
3489
5883
8788
14981
29601
39635
48931
60559
86323
67341
6080
11636
9557
87796
23626
79434
2587
46484
93419
82877
8113
41293
29376
27671
34993
84321
97623
941
51769
10017
98960
67130
14401
9443
2645
216
45288
85676
85180
74415
29702
24893
83683
33045
88978
98553
71052
67621
48849
21653
83767
83042
75439
77569
63257
46988
85852
45058
68209
248
9607
27239
6939
64831
79228
44591
36313
3710
85032
5252
2623
67002
54552
60696
50256
94623
84452
25246
60058
42415
76883
73804
21779
47857
33036
10308
84160
74143
3521
81894
32241
86069
17338
21672
83077
63121
11664
73144
53524
58797
78226
33554
1127
56985
43220
73925
4841
86694
67004
50756
80542
23565
19495
77420
14938
89599
68763
58389
94782
76872
63394
37489
88968
78213
69511
6916
26052
58551
13044
33651
33072
22588
96802
87285
70841
76370
77723
57332
7125
31811
64021
75449
66538
51928
52312
44779
34985
85026
85512
63202
20840
14896
33010
18207
90348
72834
63981
34997
81337
17099
14788
71384
64756
41343
90484
40658
61069
55668
78160
81944
48837
31526
1397
21351
14393
26269
3696
75781
65981
57273
81253
41921
24437
65773
93222
51690
91083
26443
20603
21958
23910
25130
82551
84908
61559
92754
5412
78442
56102
41813
31084
58983
66062
81372
94834
99431
90049
70392
15401
2019
66598
48348
49624
64564
26424
171
13189
15473
7529
10068
5513
94049
90015
22760
15505
97852
12294
13222
57513
31926
72679
52876
66270
85945
41133
91544
75558
27800
839
89168
2197
67816
68484
55459
12497
30376
57502
67121
58406
61996
18433
37297
82878
17262
55799
70842
78484
11608
486
41703
18597
78333
72841
89733
62052
75249
8671
55610
89810
99486
8431
86008
12371
29202
31840
56799
14766
14517
20450
38849
93768
15843
58811
3909
39868
31050
14918
65308
28994
79235
71247
99839
75935
42651
14236
25889
44260
61847
21235
95645
39097
71173
98249
61827
2689
78285
8075
70126
78067
60750
97695
83033
854
5660
12449
92149
18507
14937
43781
62277
8814
51365
9848
66118
53991
73799
34175
63217
60941
68617
23453
39137
54941
98035
30373
66902
54250
28864
83519
3226
50601
76898
75937
72944
85766
58790
36526
84267
40871
120
50826
88687
30000
16393
90812
60161
97743
35952
20773
32459
78808
17034
34936
21342
37746
75208
61257
16764
35293
65502
55521
30932
49852
24636
83160
33731
25815
88145
30007
3990
54050
62403
53141
58215
50957
34608
37095
37983
16848
84413
43597
12801
96920
60364
8718
30154
66966
43728
37542
8709
28528
27972
31552
93449
81114
98841
47243
30761
30473
21517
18433
48572
36169
27642
10600
83454
53933
4687
50654
73860
5714
17315
94473
94965
86022
12466
10828
30957
21127
48572
5310
18490
52635
96680
11698
17451
34627
28144
89313
12034
47787
3940
13557
13319
16452
82971
44678
63221
13018
73229
44604
6166
9677
61275
87307
45125
59262
19971
19013
71202
36365
11204
84746
90994
33538
82530
20981
76310
30040
34887
20710
14930
80104
32857
35795
44331
88581
55363
31879
90258
86327
63387
84128
17319
60752
26943
24271
55315
75378
53824
21302
819
27150
45072
91703
48841
81979
84384
25365
77166
58245
54
40908
84994
71262
72893
70907
7807
98152
73285
19726
47305
66234
16071
7785
78444
55411
97146
28539
79491
43706
30337
38849
1486
42756
46685
92838
21734
50204
99606
89289
15860
16170
46383
24826
69086
81306
83146
57492
81621
87550
9110
51156
25627
49993
1762
28798
98368
60903
9358
85827
51114
27785
98016
12333
2779
28773
925
71265
94443
84804
15161
70437
13572
39928
48724
97139
1402
49534
68109
38793
99472
51618
88564
40568
91291
55654
1128
34334
11976
25319
76114
24227
44250
6748
60228
39097
828
5148
42859
90696
14927
28875
49091
43377
82570
97550
23078
94393
93489
68815
4760
57199
72666
93182
70776
8348
89438
99474
94825
26223
37859
11374
26704
91833
57353
91856
14403
78329
99403
79660
18416
60367
73963
5634
82765
59330
36498
9610
56748
64502
37472
31952
97420
22299
48474
84377
48414
72848
13204
47529
68777
83281
75910
14456
68454
30841
67671
49432
92414
41601
51086
49583
34670
24113
52054
5601
53280
46289
46506
16549
76671
60115
41510
81293
27713
70968
57781
71893
35614
24334
71235
94342
56939
29461
17526
15511
18852
58241
49558
81049
11731
17279
50460
54933
26483
3913
63056
88604
27951
92182
45218
19177
51929
36586
22554
98657
46892
27306
41811
65852
78005
42450
17809
10746
96090
53693
73860
91249
64190
79709
87520
61508
23146
75815
20555
59108
79932
29033
40978
94648
42106
62983
56726
44237
80368
27866
73717
90703
95767
37001
24476
81025
21860
70902
6697
55319
26724
12552
72954
23400
87221
53735
54054
22367
21617
4309
1374
57805
3824
18223
89857
78280
5013
76255
6029
14861
40374
43639
7536
7084
49678
62588
84629
71990
54777
10187
657
66558
89972
61367
18884
10614
30367
44849
48620
71849
61551
47838
46332
53715
25801
34737
15426
24595
17124
28328
33679
53148
27562
96851
19728
68276
82252
41143
93253
36874
66874
57179
15550
48109
4336
89419
27365
37214
89609
93784
26145
70757
58043
86904
2062
20606
84899
92485
2646
19267
41586
29362
13737
38264
31981
65840
36851
1960
83992
18088
45970
52910
7081
35540
31164
58014
38801
12978
45614
10011
64410
88217
9225
82835
44746
3369
71258
5298
50881
60413
21040
44352
18194
18200
3450
92300
23760
86512
33133
19879
36284
74067
46373
95911
67423
58266
90789
73284
94862
70922
37200
42189
33852
10712
96765
1369
87547
5825
61488
60555
84316
59734
90258
45927
19512
25321
71692
81403
3461
50792
93969
69726
31961
55331
34711
90811
39707
31216
4466
95467
48562
4546
4748
66329
46994
31315
16292
53274
40409
33485
15408
59304
4139
25912
53771
7443
55583
63790
83829
66058
72767
45134
36777
32161
62942
40646
12941
35780
22897
12341
18277
88204
63211
39164
53380
84684
35702
75350
2946
62168
42005
248
18290
14477
40085
58519
91600
92305
91449
94801
35296
9552
38826
82031
90718
8959
49269
19931
12669
97925
97190
94585
55200
51168
472
55579
70252
2884
13329
61429
98656
48363
40632
20478
96268
59725
41981
56242
32652
91134
63225
6088
21546
34104
93873
46037
69789
85492
16951
76809
32031
32228
43616
85199
12193
68511
46047
40050
3738
49405
12660
7619
24869
77911
3176
54147
52031
86880
97848
57354
70782
39598
8058
27995
43498
61443
2632
92122
26641
16349
30759
42331
76028
1063
30569
9055
87775
54113
35632
274
12960
7196
50958
59528
67165
49891
5977
90058
87393
27930
71841
91968
43073
64752
94687
55254
90588
78910
16252
14437
66463
17118
25668
24947
58037
74302
88719
3650
34761
90786
52839
31741
6486
58058
71963
64892
9827
30328
74903
80521
75747
98341
58720
7076
70556
35525
67895
3005
33053
47544
99232
50009
71142
61988
47993
46934
56962
77765
26773
71486
42629
6477
87860
95673
91931
98270
25179
78638
20936
84287
14340
39963
22294
23540
38233
14343
85899
17254
64652
2084
54541
19457
48420
62886
89275
29794
36880
62665
61719
97820
28749
92121
25228
22010
56925
150
34574
56828
92224
84642
63744
36785
66039
66984
43902
55403
49406
80255
22650
4000
60849
7286
12135
13126
16299
22885
21103
91776
12561
49588
50525
69944
35892
797
82706
11773
55487
47343
30755
23029
21388
46619
91172
64177
7073
34054
64546
43272
38744
76700
42448
56642
88760
92927
86124
58468
64044
7720
49301
6672
55098
92519
46087
25056
61905
97304
29015
66067
24776
30160
42367
33452
4978
59077
30250
74192
41065
92734
89722
47123
79798
47974
38132
17874
43281
97595
55592
18799
33450
79214
99595
58853
88127
48804
90944
95413
72653
55936
48129
67954
9116
36040
39222
93200
23706
18045
36541
83588
65252
486
29271
70376
54952
68276
45504
84833
26557
32105
63760
40879
72957
69664
66668
81266
44854
72448
83000
63999
6318
78778
63863
91347
9551
32330
21312
86558
30178
66083
9199
30431
49335
46068
6885
37073
14730
90661
52302
55976
89319
70172
16278
50942
76983
90735
93089
87021
91899
46067
70319
42374
85920
74448
58927
97072
89580
35178
93436
56581
44562
2865
83074
54310
59192
66589
11039
93113
68787
95028
29434
94015
23801
31420
1528
72609
58416
2290
49475
70168
89242
84878
28812
32602
74315
70366
23861
94092
42172
46697
70354
30712
69107
29
60711
30455
81756
85266
87076
92926
75168
83383
118
2948
47115
90486
6622
6810
36328
75633
13934
57840
37847
77602
37208
75685
44903
28319
53564
64986
2012
42544
36708
73447
8537
10806
26031
36239
70017
26765
68051
45747
12004
89108
62790
37168
87060
36722
17379
84328
61548
27455
30131
5660
96572
27457
96539
55814
13946
35154
58244
69117
23318
79871
7930
32298
46438
66493
49398
14673
75908
26884
47718
93722
19575
37973
69169
30971
12943
95774
4966
49515
93214
15244
68138
50087
71445
54520
51702
32086
42046
91027
1792
95084
66376
45822
91888
491
72358
6358
30312
5816
36482
31128
52182
97117
21785
85370
83642
35559
90425
23236
56267
45638
68988
41776
3420
18596
77365
15582
57724
29603
72565
61065
62786
66370
30470
8630
43311
50349
72200
94676
14440
67686
93693
40120
74513
77678
60851
20362
24244
89275
97496
4989
41283
97446
85248
99044
85430
45272
9928
97360
38611
13321
32864
17183
18426
32370
81141
67265
37332
99995
803
94973
33144
97833
95764
24072
95308
19249
79903
64048
54647
85578
72935
77403
37156
18200
57497
29055
56833
18592
94321
97918
2430
47751
89715
20789
51211
21697
27914
5760
9189
84440
28860
28295
31130
7886
68752
27088
65329
51127
77766
55649
57732
93837
79006
87129
7719
18736
57440
1569
41338
37523
71044
84475
35938
12772
45267
72316
22103
72826
75352
69409
87278
59874
53118
6479
75315
45247
8285
9484
66361
96722
38569
1984
12294
48482
75798
21790
25434
24859
13933
2180
68705
90749
86454
94839
40396
50153
37080
69631
61626
40620
38574
99372
60412
55298
15565
55906
54292
96706
54067
11001
66354
18730
36458
14302
33077
21166
41499
11129
10907
79985
94625
26529
53341
12238
15777
49649
11475
24312
10340
14829
76619
96732
16181
75701
13658
88319
73907
95195
70420
17074
52436
87166
46356
46882
11012
71872
12222
55237
18883
54232
91270
41720
49326
32141
15177
80607
52098
71684
13464
4668
1516
33227
4226
56540
11940
71100
43772
14636
98623
53108
56150
7747
64786
49187
33884
60860
66328
20736
6061
43949
69199
98779
59812
95720
29430
58066
13235
58267
92873
56004
2244
63385
58561
4195
60949
85678
94452
22397
49505
27646
13926
30873
78099
47018
36535
84232
60
47179
91904
96988
88524
33785
7348
33968
56982
79189
76083
93434
79269
3489
13291
69415
94234
95439
83919
50736
26234
8615
11354
59153
13761
75174
1819
35461
80351
62243
81050
93723
55467
50341
84705
59487
13728
33440
63470
72819
21703
13757
93380
9928
75390
63440
84110
32899
74997
42677
63931
39371
24448
63231
61093
21809
17021
7059
24725
37957
46911
56004
6907
37793
14801
82132
14015
85433
87477
12220
51460
48135
48256
34270
79141
33619
25147
59109
82841
14403
23299
18453
29089
90766
82159
13865
66932
66409
59400
79097
23347
57224
99858
43045
95849
6140
60062
61558
85078
91794
10407
82892
62397
94778
78941
80548
68052
66835
37535
47159
97691
18647
74554
84490
16923
93333
11443
22023
46799
73834
36622
89513
36150
65319
9023
12651
79922
81720
50049
55493
90048
47850
7950
33691
70167
90238
65616
34334
72991
32767
58174
16860
64111
39723
33081
7100
96855
57454
53199
63825
40587
93825
3862
35935
36736
20361
17141
54679
15642
20376
62022
32315
64842
17066
58929
9113
42498
17326
99988
65806
55818
96701
70245
36458
60159
75961
33249
82232
78166
16321
6382
62246
63193
18459
59358
13693
62521
26113
58244
58906
73167
8245
7325
13373
15868
94831
65234
98601
22442
97446
21731
84656
76646
38861
91878
67388
89430
52588
58994
76046
56109
5614
11298
75019
86877
32380
48206
4861
91162
95522
99802
53201
70646
31193
61532
6060
34373
57681
40440
13246
17181
51010
76636
21544
79645
54954
35293
89376
57371
53651
10540
90393
67696
10071
72362
70653
52439
83370
89722
47636
13229
84773
81006
75029
5222
23322
9521
32755
71177
33097
19751
50181
51728
97760
26855
66115
36692
66854
70653
6422
85250
23916
21971
80938
20025
40989
85587
58661
38204
77826
26013
55404
78564
46861
46777
47249
72139
73440
3365
80015
66300
18936
78139
37146
62568
60323
89578
26770
79432
78943
11553
32446
51307
91642
21665
19576
12729
93931
97924
59073
37753
71251
97639
93178
51654
89621
69043
68001
86802
76201
44326
90768
33386
71861
80268
20701
68322
46215
24095
32029
90143
77829
53564
82555
91095
4909
4425
91852
2583
9387
63845
39297
89237
7775
93029
50743
98639
68574
39283
3155
13780
30913
57344
53422
14169
35219
85977
45228
39237
5123
69340
18031
46133
87932
9098
57799
32000
99824
9282
57027
46048
91987
68138
12825
14270
72026
62695
49122
33539
87169
488
88028
50665
32557
21787
4127
768
43875
78000
72839
11442
70899
72957
93028
35426
11851
45738
12885
98105
63095
53053
64354
17071
26674
56181
75572
36337
46113
76427
91818
96906
79069
81557
19189
33225
92415
22954
75356
64982
6806
1746
84772
41687
48714
29679
94898
15097
28516
62415
37244
7185
54341
81557
31723
72229
69012
69259
46361
30204
69424
96074
7139
63277
35010
77444
39009
65943
29232
1623
22820
62285
41072
11869
39873
56277
65800
77194
4456
95545
20352
56598
12358
90971
67701
56566
79677
31461
34990
7513
59859
51392
25602
19444
35170
76939
13291
39722
34389
949
11450
61360
11877
20380
21893
61780
90811
80334
68801
9721
73918
13302
24119
2065
1319
59491
24990
66125
14416
60495
70995
83039
35773
23028
89028
16045
1189
78057
23692
70801
33661
7081
50695
47460
62814
71732
97790
57708
38497
78942
16770
20238
94740
87561
65854
33998
77680
25481
63711
41091
23057
41883
40046
49256
20022
62893
60470
66529
1680
90452
60448
14032
8701
51657
43724
93323
18713
49767
17194
8893
11112
10342
28443
25378
58550
92130
25165
39977
24652
44572
43022
90639
61177
9895
11609
45727
44776
99073
47285
84741
51809
49121
12870
43451
8918
51214
31262
8029
80294
63030
63457
85302
96831
3584
39903
1648
87662
8817
98748
67563
28164
2132
50991
40434
38449
96128
23028
82967
85625
44397
21175
6136
97541
67621
10727
26575
69817
15520
96711
80291
70380
4007
48866
57202
15267
85523
8276
52902
4917
7536
39412
74538
30485
46491
92794
79397
33485
72813
82814
50808
31034
85323
17403
95038
14144
65622
68096
63881
80820
21718
83492
26264
25256
31761
15346
96768
91292
65571
66740
76541
91064
31571
40480
65127
52860
91772
78648
20070
3030
2009
25733
18095
59253
2859
46091
14272
77191
58835
13752
76233
71415
87469
6547
70820
38960
9194
39379
58363
97358
42220
17824
65421
67761
97662
2829
34413
31409
69181
36343
77096
32781
15860
63281
75228
57554
32722
78374
63324
5209
69958
86137
5252
27834
46372
29555
98180
53737
7962
69934
37794
70495
28306
79078
64190
44696
85803
27882
27592
55649
83770
30258
44538
16182
65864
10445
60538
24594
10188
86184
86436
46325
94461
1972
10549
79875
87213
338
18224
91364
67003
63606
24582
95549
43371
17933
27763
70234
20623
305
80408
61725
72880
97072
93736
54173
75159
38306
11582
689
41812
85060
51862
5221
41131
3352
48314
15960
12409
47653
90953
72185
98539
20243
19424
49407
67313
98405
68355
24368
40382
17214
64437
41853
50142
49427
72349
90261
78923
37159
12918
48187
13849
18164
20172
71431
21411
89799
67575
99732
10895
77497
39525
14909
4307
52790
20152
49808
83730
21201
7800
80263
55957
11305
49033
8386
44017
47940
83612
16199
82259
40214
42881
23428
83901
38410
8
1186
8649
33116
80710
63227
51394
56777
83362
53377
52355
33621
65753
40305
96129
71051
51548
45737
99627
73381
84610
23394
88463
29801
24230
49892
2447
25181
19
79922
74142
65740
7700
77841
99658
62574
13381
91724
13433
14454
60507
48859
52359
3950
95656
60662
93527
37594
22175
53975
21948
23845
10211
20056
32036
4598
74184
23487
17126
42507
48014
32224
5188
27132
67336
3518
37009
78046
40191
22494
57428
34535
66093
81810
44104
19415
2774
92851
56714
78447
32325
23430
70030
93799
73347
72885
35962
31653
74405
79073
38025
82583
74810
14329
29381
62931
65180
68912
3435
67230
67815
32958
11770
59354
55909
34296
47011
65883
4881
74750
44177
1278
64137
92036
81296
47664
53762
19374
22094
30146
10573
49893
45018
45
58560
62256
98926
15954
9652
62841
42057
76813
67464
32661
75333
47506
52167
29244
49951
47828
35395
88925
484
14144
96632
25943
13928
30379
62598
20813
17052
67759
18325
16169
53030
45080
2816
68329
78708
27627
1935
88748
38424
23272
85383
10985
1917
23107
62443
23738
84842
73403
34336
54724
44010
96733
6780
80655
42584
83705
77831
53299
4806
45649
60207
17363
8713
31474
66802
43957
50639
76325
68363
49041
98942
26878
67444
40594
43868
91348
11378
52619
26811
68642
41045
54847
91447
17466
73738
53150
32941
84728
23578
7796
26545
50671
90330
75016
95805
17851
74659
84681
38288
75971
14619
97752
9824
71249
52200
73944
63459
4573
47314
74725
84436
14046
6298
38317
42038
66977
54628
72364
71903
66694
6467
78457
54943
85844
9449
26901
115
13180
50925
32347
18704
13633
10952
85043
52619
38179
67130
57292
21173
22608
81943
3653
49265
41863
45648
28610
23375
44100
24524
31734
42214
43999
96051
50277
73499
31916
86042
89786
72969
31549
87794
10473
71368
91508
90244
80652
62853
20138
90272
94696
96364
20671
69988
56169
32922
15998
36426
81046
72557
32417
40052
25736
25377
47538
35063
9274
29700
72996
47446
42906
8799
26738
28796
56035
25120
83100
94643
17414
17986
9670
62481
85314
74590
46971
62718
42946
16369
27980
54281
94453
25910
75172
69533
60271
72636
68893
62737
84224
14832
49947
49962
27244
93241
1909
63739
73234
48715
33996
264
22030
59121
79379
96531
36298
72796
444
77164
73184
57369
34460
89134
90133
63580
60344
75737
22574
87225
85072
6166
42027
7947
20758
66056
73134
6735
55018
44271
97103
94109
89143
30947
61628
67500
4820
65045
16656
36342
45181
92268
52
77250
61184
66059
80543
70686
16738
74099
62572
61384
91280
37369
91518
23922
96977
2881
49006
31232
46497
62445
20630
96503
88048
77707
56987
28186
18209
74820
87707
47429
36022
3152
46658
38184
750
44099
63515
20274
27412
24533
54009
84320
83780
94941
64692
11202
66203
68271
95092
36241
32957
8458
20369
93844
73705
95093
62726
32702
1379
88782
44939
12666
79478
86309
55425
80645
58197
76006
29035
67511
13695
40337
22356
86515
6061
90610
70815
39525
8400
7123
37274
1272
84551
94750
54256
10915
4626
22352
33069
8691
89054
56799
87043
535
76854
8276
31552
65307
99283
87700
4365
45027
17971
2213
89123
43092
57451
50214
32912
77878
17667
81175
45922
52140
43587
91221
63698
42178
8523
2349
62416
15846
15604
93
61526
49533
11797
50767
16229
88670
65140
34360
889
97108
42000
97200
2058
25043
5939
53376
9162
22636
84302
30573
59745
19995
43071
41712
70542
80224
26919
11075
1183
58039
51998
73701
92713
46133
46012
48620
38773
8546
28449
56898
36671
82812
51561
2507
33349
60291
27038
20516
65262
61782
28652
44506
69017
86793
36303
71266
67758
179
70990
13400
1342
23260
47565
80149
95929
33345
47840
89498
50989
25288
87188
71545
46732
29997
17717
98656
6116
65957
7945
98872
55439
48232
1098
17538
58863
42856
27514
26171
48282
80940
8698
2097
48267
87961
29886
8609
59584
18923
31413
5313
44132
8512
69922
80856
25671
16102
44893
4229
27061
38031
79448
88810
41468
16005
3993
4421
7113
13357
32364
93153
19094
8139
24902
37464
90240
14185
48459
10527
74026
63249
68390
4339
29289
81102
64424
21720
83428
89014
64805
28874
96792
14280
27880
12535
11690
31129
63065
40129
1355
1019
71331
16837
59197
95104
95117
85952
91826
61379
16190
65886
80522
56743
1955
56889
38421
26866
32643
41268
63722
27711
54213
47632
39683
87740
4216
35026
44115
88479
26542
11797
91076
75190
88518
91001
53734
14380
54035
19428
50406
37646
91543
466
50531
19414
4290
43857
21123
46306
92493
77831
98813
76886
36829
45914
19950
63612
90353
88738
69941
97967
28187
61582
55423
14488
47386
12641
47002
4040
49751
51612
74002
55118
39051
459
44023
73240
72881
81202
69896
29379
63860
40329
98568
93694
81043
66654
21574
1833
92054
90124
98734
8337
83046
39494
9340
58485
48106
65088
62459
36095
54743
82630
22889
82993
38775
73690
33721
60636
27748
49944
47385
4416
36629
2456
48353
15017
69616
71636
49475
525
9120
56603
50747
5753
43907
41370
1034
78132
3789
62520
23675
85356
78501
43215
82971
76328
4057
99531
30614
25901
64049
88587
51821
170
65046
24951
45935
63449
18084
85554
86252
14378
53487
84368
40603
18840
16292
52792
40233
14214
27956
99938
80693
843
52953
52507
9152
44061
76974
71215
98646
33454
93463
76445
29912
53619
31490
39121
70025
27618
21812
3027
49043
7832
64655
91162
78601
83798
6912
81607
50239
56239
77441
8093
12209
42909
8530
78999
2627
9153
71523
87872
47826
98733
60335
91088
71491
94046
68654
55546
47909
67654
65901
48262
22809
12853
69043
12391
93382
361
15232
40040
82762
5657
78156
91805
52642
72277
90983
14151
7447
24369
99404
18583
88463
62973
55370
10094
77439
61046
54643
36737
922
75732
93872
26886
79188
54893
41841
54211
48167
24668
65107
52684
56870
23706
70819
47565
87123
26237
56013
43956
74951
81724
52228
13842
70202
24326
63445
88650
69827
98943
87115
63901
8733
30964
67196
23567
10847
80447
58453
25869
2805
32499
60607
24561
8372
87633
10327
22530
7912
15594
32672
36941
91447
54344
21396
29948
42188
40659
36772
70156
4517
9623
70957
91616
5360
95576
89246
41993
14760
12388
72563
17317
46559
97095
60559
8407
1885
64869
46545
71200
34337
16031
49063
11488
40922
49159
8952
92045
74433
73163
78665
25812
36295
62797
69390
21217
89479
11645
74659
26330
49751
53282
33054
8616
60344
64300
75048
21220
17552
2370
26250
15663
30500
34521
68682
11351
11593
68957
68943
90760
97898
81838
63499
24417
97953
42038
23360
18816
88550
20794
53930
24368
67635
60408
26426
37855
60588
6795
11442
28691
24439
58551
85738
96666
53460
29879
62839
79218
84987
14253
86439
34010
54911
2263
26868
79117
96487
82608
70959
96014
60124
43588
86073
58305
50634
6652
68490
48831
32511
37659
44903
16550
33989
67929
49204
25356
45903
88336
22294
11866
21101
23215
66769
96118
56589
31376
24852
9625
77546
26743
74584
14360
8166
45424
55279
37490
22164
95295
24443
58138
57249
97192
53969
39889
59967
99824
86482
7270
37078
60017
57162
26495
38029
11581
55558
77235
76512
89834
67954
86507
8092
12906
74400
33729
82748
32639
23277
37329
14196
455
65383
97455
69837
17391
35668
36311
28721
61684
13413
42508
43086
39279
86874
62242
32633
8614
95347
67035
97451
41094
70919
30279
31278
84750
79102
67154
94880
78497
14171
59756
79575
34171
80787
95460
71867
61908
49171
89354
24816
72418
53705
80980
59629
66251
70291
24218
17591
89188
98910
58086
14260
75448
66126
68916
29125
53209
28332
74898
12471
73639
56365
59668
85348
18203
93467
2437
13713
23507
65983
92800
30
15333
62549
63321
31972
90239
32714
36420
29327
28117
1729
77228
60900
64014
70275
16766
51602
12936
23183
34104
41661
16065
33937
20165
26515
3111
10131
99224
34002
59123
18113
22256
10160
26784
30361
77868
28379
44059
95037
93076
16699
67047
26775
35625
15454
31193
42216
78407
41567
45845
72561
67977
62001
62662
32805
89318
85555
33325
97121
77235
20102
889
69474
7061
34812
36388
86717
10192
8498
36634
84502
17443
79080
71473
34579
32813
90042
11649
45600
82570
53327
53298
8270
68921
1413
27652
24182
19849
6313
38687
28834
10716
84581
8815
32622
43457
51837
54059
89341
61096
97472
96540
39690
77850
90322
93739
81018
50510
83125
36825
48755
22456
38899
82076
72001
24547
6739
38410
68093
32344
68483
70424
72603
32271
54567
9748
95081
65638
22786
41963
78104
37877
9567
91784
87341
91738
46212
77350
7408
88345
53938
22786
40792
50532
26635
89237
17178
36593
59544
15983
82749
24160
41669
92075
86852
76643
47224
23478
18539
31558
93565
46223
38215
38525
6320
41373
21853
7842
87075
63870
1218
67306
34723
19498
41487
85251
59555
11050
17239
84311
71212
72798
73824
75073
44007
68048
66171
39170
15095
63870
34286
58523
58534
69340
13127
19719
9458
50998
47578
30132
67911
39765
39895
34096
32698
36184
67823
47260
3067
1026
95544
66328
61414
52796
58022
76111
67279
33724
7783
91591
59422
7114
18218
22592
73528
77986
93314
95702
25646
50296
55232
1333
96440
19014
2601
29933
35431
29622
13791
51765
56971
94421
8987
65067
16547
21817
64163
75732
37756
19185
83671
70846
50699
10343
30110
69169
26953
11147
18278
41693
61834
93970
89224
95556
23165
97973
63609
44832
61731
14912
36134
3043
60752
86021
80208
23656
40055
97403
51846
69869
66110
28563
22186
43066
18929
68215
30668
33083
746
75665
66921
87654
34055
48842
58905
48988
56003
87811
91334
24852
34545
60240
75501
98218
26893
47050
43773
61500
18676
94622
90702
3356
75569
70974
3872
81704
31700
6247
48095
13810
3905
40215
42717
18232
87969
24713
89569
54034
74802
68976
46452
82438
52934
13686
34939
39022
27875
14398
41319
12726
9534
6527
53371
48610
45018
53586
87913
70479
32654
10368
24184
83052
6369
49567
22407
2170
59408
82524
57175
58771
70156
81927
61345
62610
96088
6696
11603
13452
91532
38861
80391
38407
24179
58274
49097
7139
53056
6155
27736
46242
4720
48095
58092
97802
31673
45319
94328
69396
76110
11136
56442
23997
68749
27120
50056
5244
31725
73146
49633
71279
27905
91739
75616
64649
64584
63276
14511
16567
43886
59231
99205
55227
25312
43238
69953
29956
454
53128
90797
47113
14398
23845
37481
65901
54534
14342
42313
63580
61366
41050
29190
29518
11447
47587
43534
12000
45913
41815
63340
79606
47242
35411
33265
48383
41324
24165
18967
23898
41036
9373
44277
5643
84915
44848
45226
15610
7153
87452
50693
42321
92198
605
97142
76643
61873
78341
60110
8993
88558
88303
6115
15025
23766
8642
82304
50561
76207
81637
71637
66818
23754
123
30346
84234
69322
42465
68311
64580
90958
61053
32858
21393
59300
72357
4688
45748
92747
61701
34121
81632
20418
17949
47789
98551
85191
75666
14108
35950
73851
43218
34813
80427
52236
62090
44413
19072
17373
33360
71557
87489
2397
49045
70708
35874
34040
98088
87673
43117
51886
87196
87836
88257
63962
99486
6707
1915
33333
31056
67733
37674
18749
37812
24781
5763
55699
10285
46823
51501
96350
32200
55118
5728
79272
14980
847
80802
44672
47900
95626
59413
40893
6886
2013
81142
76474
71919
30612
95198
40109
28737
36950
75544
52921
55403
1911
55633
82126
31558
91570
8798
48523
26996
3240
33756
35993
75298
8061
82050
85760
34646
836
85069
73658
68585
19587
83643
82151
63609
67525
44125
14258
15110
93418
33178
58980
23745
61617
83636
69186
74505
27502
22224
19267
57797
90692
25750
52761
94425
98907
77449
68183
27415
87091
10734
22994
91597
61609
12209
90522
14824
41979
47153
78618
89619
92782
58809
12745
24080
46426
52494
34653
16247
53409
67340
45878
3600
47180
30733
53598
30768
35967
78605
19155
77853
55764
45522
57610
63997
47866
72604
74552
72253
38711
96912
87329
10379
97855
16770
21542
70829
38854
9195
54812
91210
8878
50971
94660
82123
92149
63856
47371
82541
19688
24663
15198
3542
72877
3218
54345
48411
69613
17153
53168
27263
96741
20760
24712
93449
66548
4465
50056
55143
71026
92869
30407
28884
6937
83766
80665
67493
76239
77615
25732
68066
8114
36170
85416
36959
17598
63778
96227
47170
92867
16348
21234
23383
51489
68450
69580
26979
27630
17130
29816
92807
41696
17321
44411
88914
4300
49240
77030
46234
26810
9950
77376
21116
46182
60088
87930
18076
69567
1952
3264
22031
12478
31515
41096
99487
81101
13570
5840
47393
9666
40156
10222
80952
88325
64125
33820
56766
83782
23800
95916
60199
64908
59221
89153
38125
93331
87995
49945
93657
52362
43518
89903
49245
72995
44790
39904
97195
34338
46796
42349
2159
56482
11163
75319
68321
88775
63509
44553
8178
51674
95636
38633
45516
40090
27262
57456
89746
20578
58380
53476
4370
79004
70664
68816
23861
94040
26035
64736
52314
2530
12376
60651
41686
24677
55562
49494
21383
36808
12410
67282
69450
44278
10969
89281
82627
88632
45046
50300
88550
13590
78221
88386
78228
76377
43695
40357
51272
41910
48907
56373
73966
31129
83594
55503
90988
48974
83030
36096
32192
3323
6988
87320
9236
8276
1466
13239
22171
94985
39223
75520
7219
18061
59239
46999
73503
63044
54880
44779
28754
8552
6572
21374
31120
83658
77050
61422
66348
60350
68502
99362
7572
79319
40777
46366
44093
53436
20120
94429
63328
83879
34751
40726
8943
68290
42917
69435
87819
96201
85871
74678
3979
44705
3026
56890
61475
39494
76770
58446
52467
86891
75853
7442
55325
3590
1000
14984
91666
4994
60266
6116
6006
34472
64160
40136
55217
3998
21715
18238
8036
35448
23646
95247
3861
26032
12386
1245
72899
11900
61364
49668
86001
94320
28823
11541
7886
61603
35717
57724
10712
60378
90681
64090
41311
9731
12354
52487
53912
7303
93522
60923
50054
95311
99066
15405
24924
19940
93599
72154
72395
89226
26037
96999
65300
97845
10886
97178
74476
128
70707
18449
76967
89279
79374
64823
89272
49957
82296
45377
1249
53134
25457
64529
74632
85595
52320
65863
31683
34882
20027
74859
20716
12368
27126
70594
14326
11882
7712
55257
55453
9076
41728
45586
45140
71022
39431
8926
96687
84730
72490
50170
72732
56493
63138
703
77862
83638
74370
95265
49056
90812
424
72285
84342
61429
64359
28535
88984
23522
55581
92769
42223
70395
59130
56317
68903
72584
79799
99891
91397
8009
35372
15505
94676
54552
46601
58675
89804
25775
14061
21873
2149
78107
1474
74674
86555
4545
10779
34637
59052
67104
68023
55946
8537
18136
76476
48717
59678
16012
49636
13069
6557
35862
55544
88571
41959
17872
67014
14102
53419
11762
16846
26104
61819
66201
16406
42117
16349
40742
50273
24037
86161
76290
19505
25504
67428
63844
9952
17639
68351
8091
92597
47673
140
86606
52288
1060
68054
55950
25588
85424
35017
740
43122
51712
63816
63994
28260
11173
56509
70161
5119
85867
3219
46010
14078
66304
53155
3106
2979
69178
62325
35073
55424
32023
53373
48759
70833
21933
3801
37431
83556
49974
16117
55562
71534
16622
59433
2964
83895
48775
81453
55194
85828
19305
94334
21456
14769
27694
86136
53992
74667
51191
1287
74692
60316
49207
58190
51540
44780
85788
35855
76312
87829
43719
82463
82227
5501
21747
94144
95522
19221
33761
30865
37537
1125
49165
57293
85024
62819
73628
70015
86506
64145
61147
39765
19876
86704
23822
13038
5895
65963
9207
45493
23909
26612
47163
88336
50668
12619
60184
45474
16600
45496
77378
86927
93447
73040
41420
66354
36871
15704
65412
9605
94199
26547
35593
43067
60318
94008
48365
16126
40280
84293
34028
86456
64340
2382
54833
96494
25286
19039
94120
7783
69077
94950
42188
1239
20074
93043
16582
7786
36028
54924
91405
9978
1994
2845
29530
24768
85864
63249
57639
6210
55598
70029
30146
93183
30795
23573
77074
96748
15621
54622
38004
38966
2914
65132
87672
75471
84956
21397
59372
94082
43945
17511
41017
17388
93364
56752
88513
14498
52804
32673
16359
16967
39210
19709
246
30368
32433
15281
5169
66961
18480
65090
56947
13446
30987
6624
70168
34080
60104
68920
94134
33585
91243
62180
91860
49019
72768
58984
23279
77970
94354
50311
98611
68485
98290
62872
19297
53191
6037
45494
54663
82844
8848
95899
71013
46008
88781
7283
75396
26047
84645
23101
44519
96903
43540
72805
10143
45421
8553
14430
44249
55262
25372
31864
55532
30760
90630
29711
40814
9110
73556
48579
86112
11031
42597
52337
39955
4289
90977
8520
1970
87052
75082
50910
36445
44742
82683
3553
32291
34067
50784
68829
25374
8651
31259
58761
87222
97847
92686
61559
51688
91332
89855
69286
27339
9305
9310
67466
70009
61958
67946
56291
92393
86949
48103
20493
26921
92603
32798
35415
64558
81543
78931
3531
67890
90729
26455
54012
4936
48350
39342
67409
74387
43062
34470
23690
69108
62825
293
54405
50755
87830
63121
45350
35315
56756
5771
58778
69329
84706
38476
63724
8733
59002
51220
52023
3511
40282
24737
14862
36914
85548
88
35502
15541
49636
35814
94964
30561
64168
17415
76582
65743
10285
18451
10300
50886
40681
11672
90478