-80894
-84164
19773
33409
41720
11860
36855
-32327
57898
35934
-5872
6139
-22426
93812
-53048
17428
24407
-71444
-22448
-26667
-36355
97853
94812
11014
-46254
-17823
43228
-22111
70580
-64996
-69167
-12130
62653
46386
81085
57728
-83039
-67425
42714
14137
61192
-56319
75021
73745
59775
17776
-22626
-66208
43664
-4078
44766
53641
-79880
20994
39682
-26584
4109
-80790
-19762
71374
1083
-15057
80230
-38813
92171
17437
1958
-26769
-67801
-43114
-5504
4794
-20810
-59413
-21441
66518
-50185
49936
57190
-68603
-74798
-44768
49028
64524
-18320
-28176
94897
-13813
-47090
-86392
20429
-13241
-61207
-58837
22932
20039
41431
-46885
-51175
-24891
91431
13735
-10617
-87552
-6291
24531
-64377
-70181
26474
47633
72595
-18314
48357
17902
-62250
-3305
1412
-94689
77251
16613
8649
-69028
-7710
75011
-67335
-1349
18801
61699
-58240
40884
-48004
84034
80347
44104
61816
-9532
7253
97716
56163
69834
25920
-21546
-13351
-42895
-49165
58255
-51520
-26068
59461
60345
30527
-25691
-38820
76590
56821
-88004
-87351
8132
46091
63743
92467
-13814
-38169
8869
74899
53072
-48981
-73006
447
75138
-5119
-88872
-32593
-37696
-39812
-98320
-6399
20166
-64132
10052
-81392
62562
-71621
-91489
-28356
8569
37227
-81219
-19396
78700
-28499
-71462
-14685
17568
-52395
-11167
2733
6389
-75381
36429
84716
-89379
4414
-84705
78612
90459
-854
-54813
8379
-95378
98004
90107
-60214
-59705
-38602
27202
-25215
-67844
-7611
840
1619
7412
49053
-42764
39507
-41482
77763
46640
60271
57065
76214
38206
-49376
95311
50167
-51980
-26990
78119
56723
12393
-32893
28475
-4438
77154
55282
7294
64677
-79065
53196
-84411
-17002
-66360
61612
28469
39009
10873
-79717
-35008
-84092
-91455
-38508
-64502
57863
-58912
1457
-36546
-86845
36625
23768
-39787
6161
-17040
-17957
82675
240
72101
872
-43812
-8227
85236
96227
91795
63450
69264
69822
-74765
35287
-37542
-69402
-22621
27490
-74325
-27816
7511
2051
91363
53395
12890
49809
88345
52512
-2170
-92085
-60778
-22889
69567
-31660
22386
57470
-99280
-44153
50306
-39382
-36046
57104
86174
24413
97565
-75576
13946
86105
-674
-78644
86207
61558
-4486
-35496
15334
71653
14766
-78885
-39648
14755
-42550
2362
35180
-79768
-80680
67448
-35772
-5695
-76661
66211
49854
-10777
-33770
-36353
16893
82195
37498
-66853
93191
-14334
-24662
-4247
10637
67228
-33769
-20042
62414
24775
56160
-50821
-16688
-92148
-43334
-4208
96410
59055
-30707
-56773
-41262
34486
-26923
-20207
-85886
98499
82719
-27085
9824
-80161
-41350
-12310
-3894
-40421
-40292
-24791
-52485
-61864
-20402
-13630
-11738
-69405
-39727
-21652
70519
-43099
-24809
-41349
-94112
43116
-30455
75190
-19830
-9386
-90155
-76717
-97164
70081
22071
-59829
-87033
35478
-54684
-8549
-19604
-84927
96476
90015
4543
-26004
-86125
45803
47414
-68566
58489
-32159
-24647
-57458
-52903
23991
22576
1439
39683
-18103
37819
-21618
65128
45965
-57162
-54472
-32856
32252
-87448
89327
-76414
-43782
70888
62697
-48737
-67450
-49529
-23720
-25438
27246
-34793
-7938
30832
-56653
56309
40601
-95564
-8002
42789
-54056
9573
66053
33032
-63305
-78792
42185
22743
-6583
91796
38930
14337
59068
-14193
-45112
58032
35754
82924
4642
83221
30693
63318
-30085
-40039
46695
15727
54589
-79353
74216
45213
3967
-5647
64583
93185
32487
-81126
51607
-75761
13733
70321
13947
20584
-81375
83997
40679
7286
-96169
6671
58268
-52152
-80499
44421
83358
-86108
91306
76053
70448
5836
14755
70349
68146
-23824
47784
25625
-2354
-68562
40865
14071
5243
10623
20622
-10736
-89214
50692
-66568
-97639
85794
13291
32533
45777
-10772
12988
-40456
-80602
-87670
-41167
95241
49837
69458
82793
86775
71384
24443
-77154
-34557
97626
-83898
-1949
67753
46216
19550
15871
-15893
-42508
-33396
-44845
-96609
41843
-53060
-20971
64192
86493
77571
6475
22380
78664
55540
19986
-96921
-20179
96385
64772
-87287
-83061
39692
-7777
59171
91599
-98743
23616
71068
-60048
3279
87529
-80804
79462
55402
19931
88153
-11359
18172
89141
-37964
66240
-56025
-6540
58461
-73940
63106
635
66027
-3928
-75719
94661
22258
-85727
-80914
51553
-85081
-11137
-30737
55410
96601
48875
-38192
-6893
-45695
-67716
-69031
4670
9377
-86842
-7911
-27081
-12410
-80747
-67388
-30247
-58742
86052
-87701
-78713
-11099
99644
17750
-53891
3339
-237
45078
65548
-39226
38135
43611
-32110
-12187
-22331
-82844
29870
86854
-39882
56852
-11780
97245
44049
-45370
-29625
-97788
94400
42857
9200
-29640
-50891
-28111
-90717
35519
-43821
-96282
-74594
-28130
15970
-89051
-4413
35494
-2724
-96539
23303
42147
-19726
-54833
50137
-23629
36207
81428
-19263
-44537
99142
13538
-73679
-92720
97590
-68521
18700
-33242
-87433
-10930
-29994
31909
74163
84030
-44969
34233
-73533
-48895
71841
-69112
-82541
-47680
-62149
20627
17756
-16584
-36654
9462
4910
58084
-26673
38184
69077
89767
-29554
-99370
-14670
66989
67397
-39274
-93438
-19360
-81481
22840
-72067
84924
-5684
44989
52182
12478
19520
-97725
83053
-93239
51544
16952
-50925
60038
81987
77237
-56264
-66652
-25074
61912
943
-47525
-38234
19916
-37301
-50142
-23260
-52649
-25176
87442
63831
-73133
18880
52880
-50240
-30251
-46066
37475
-7298
-5977
-79569
77010
-40363
-74606
33759
17079
-23086
97784
-29646
-77180
-31474
-61777
15317
67605
-93990
-88656
66697
-78511
-17673
28803
-76544
39050
-83330
49336
89270
-14774
56612
81418
10205
14664
89277
-67729
89145
42781
-49130
57166
-72553
-12641
77614
-48202
24119
-6467
-14465
43853
47949
77892
-26209
-71030
69413
16090
24704
67455
-1785
-99838
5527
75266
-69055
93358
56271
-24481
-7119
-14909
-98008
81041
89894
62411
-54091
-74147
45538
90355
84569
38399
-76845
-31187
-26124
69610
98311
37501
-97354
-60547
-65073
-9105
-64736
32471
-65959
97543
-74842
79926
98243
-82557
-27285
49713
59976
-44438
-20008
48202
-72897
3293
86129
39264
-49742
-28105
-63076
-91149
-19307
-2995
-62833
37331
-82986
76843
-83519
59278
29347
98717
-2257
-7440
-62599
18529
54408
71966
-13105
-33823
75599
59209
-54862
38153
98004
82631
43849
-65912
-58533
12722
-39596
-96720
47468
16547
42577
84336
-37505
-74335
-37769
78111
-55807
-75759
82629
4869
51319
83157
20193
96734
-67674
26582
-25530
-84119
-97381
9505
13284
-81939
-2849
79201
-15214
-61173
-27959
-64902
5595
-34986
13519
41514
-90876
96887
49093
-7897
68854
-28720
-51895
10797
-90946
23218
24557
84181
-97358
89921
58909
97337
-14838
-35162
-47411
92893
85539
-50902
79617
52424
-44425
3115
-56082
-80023
34494
86675
-73636
-67535
40533
-12568
-56499
87651
-40224
-17954
21433
29568
-79908
41943
34992
-33622
98409
-22232
15560
-37372
-19540
-34758
-16425
-58570
-19720
-42763
99418
-62807
-92939
-73193
20301
36076
-40815
76670
77528
-49943
13641
-26872
-47554
-49720
-97451
45514
-13638
-16274
-35713
63838
71756
18145
-81872
88885
-17196
-37304
-50482
76363
-57560
-33345
89641
-52838
66997
73215
4903
87003
59641
21487
-55866
32059
78744
96394
5302
47784
13208
-37185
66969
32906
34460
-83198
-64190
-13827
80368
-54720
-15880
23386
51004
-24782
26324
75135
5165
3587
43295
-90265
-82433
-48690
-293
-63441
40895
46381
62204
28222
97898
-4831
-65638
32461
51646
41687
83404
-9923
-28515
-8607
-63661
75900
-60821
-12599
-37339
-50385
-92457
57412
-44713
-16404
47483
37846
85901
-93309
-77760
-71760
-21359
-98931
-33123
-80830
8453
7343
46334
-94788
-83843
-57618
-19981
-10303
-65646
-446
-22423
-64180
-29135
-91652
-77848
-18987
12912
-10269
72461
94276
79769
-7216
96668
-12363
-35376
27647
-39785
44269
25069
57476
-89931
-45331
91184
38890
48725
-35109
-97101
51474
32009
4420
-66864
-68124
-35910
7504
26372
73728
-80803
91428
-25298
-55041
915
-61802
89406
-51323
19368
67026
-99446
81310
38001
-89261
73388
-39229
-73010
-42919
64866
89002
70838
84031
-32222
60117
78418
95574
55740
-74804
11716
-24661
-30298
19855
79051
-83088
-11444
89290
55472
-22812
78385
65993
67234
41446
-46927
-82815
-68978
37457
-63090
34819
71132
-4631
43948
61619
-86251
-44271
4256
10638
-73457
-1937
27694
-41921
-90866
800
-42262
-46799
-33985
96118
21927
-69329
79298
-41203
88777
-57372
87552
47549
-93573
52701
-83777
63682
-58879
17644
-25106
33927
-99204
-32435
44076
64856
-51869
-79063
64643
-44734
69554
79051
-20492
-98899
79842
-23652
31223
-54218
56565
34563
-10286
82771
13527
-75143
38480
73773
95204
-79658
-48893
-14545
-11719
90647
47075
95539
85918
-91761
20774
78696
60279
-1738
5668
-40743
-638
-65624
-36308
65005
-89930
-56299
-21519
-32940
65561
70582
-54615
-18869
-54904
33138
14418
-46154
-69718
10071
58133
83991
53732
-6774
50421
26756
-19519
45565
-71949
6617
-47332
-49881
-88531
68977
8744
11754
20488
-90418
-69045
-659
-59534
-91406
-47268
68644
2395
-12128
14033
44455
14977
1582
16308
47503
33207
-73401
77353
-96598
-89302
-41698
-91593
-80533
17842
-8520
74070
38433
1542
1014
97868
-49765
-24069
39375
-92761
21893
-66279
5243
-11755
69290
57717
-63693
-82593
-78028
-83458
39832
-12076
-57953
-9853
25270
20701
-20410
-78778
-33197
-90806
-3778
99816
13228
67657
-36507
-40102
67782
1066
77052
-72700
54151
-93963
-66643
-12159
-64416
-36828
21987
87651
-77401
86577
15779
58122
-12715
-20615
80048
-75088
3140
-3533
-67571
-70237
14861
10953
-78844
13784
-38733
-97491
26084
90102
-92801
94406
54125
46103
81907
-81265
50517
67286
-64847
7376
67103
-73248
-91097
19626
-29589
-31894
56016
50491
-89978
-12837
96217
-70624
35980
54212
90851
70046
92181
-29093
-11836
37967
80381
-44605
-86419
-78559
72602
76090
51842
58464
25840
99727
-96924
68335
7123
99610
28714
-49112
86155
-50570
61595
44273
68114
39817
-96425
-19821
94899
14580
-19057
30891
86482
-99427
90149
-86031
-37746
64730
69732
42730
-37897
-79167
-58558
75183
14770
-42777
31445
19187
-57932
-33415
25095
-15628
25478
-13626
-13019
-71782
52834
-22562
16041
-79989
44449
-292
83527
8401
89676
73623
-79077
-42936
35587
-30930
-12875
41333
33020
71206
32078
-75930
72893
-77715
16431
-95098
91086
-34445
91047
-18979
-1313
83389
43152
-25515
68036
73406
52957
82484
-53585
5154
-8754
-64883
67224
9955
49356
162
25862
99395
71756
22257
63481
98220
-84414
58685
-83072
-35427
-49434
58756
19595
-57889
37195
-99459
60028
-15040
58883
85111
-83339
-95935
47260
-30640
71815
-39353
-8182
-51387
36025
-35849
-49372
56127
59221
-85721
93739
57194
-76840
-22867
-66329
99091
-87586
-12549
79688
58605
-58749
19421
-39273
-17132
45086
73394
-34768
-61906
-31439
-37894
-52798
-46435
-18692
-10119
-98546
89598
72346
-20884
-57484
62626
20437
-73389
23984
22228
24879
-11050
-68343
75592
-36794
97813
73602
69434
38616
-64647
-31696
-53010
54014
-97681
97648
-87939
25394
-5675
-5057
68944
28025
31885
-65835
79400
40770
-33409
-35493
82225
-95782
23485
56972
-69444
8180
1281
65050
17678
6487
-74900
93582
-78200
76591
-95809
70934
-3068
25576
-14021
-44080
-89170
-75754
-60086
-51725
82943
74544
10178
-38554
-88625
74378
-44851
-45433
-72637
-33928
-53127
56531
39341
-83514
-98491
-39804
-85845
57645
-99003
-50200
-83291
89090
59605
23008
53376
-39313
74154
78338
-28309
-19100
-32668
93398
23744
-38479
-63284
17405
57404
-1941
-72650
11862
87526
87040
75468
-51424
97829
-4647
-97324
985
95211
-43993
-21278
-83056
75750
18953
38476
-54299
50787
46129
-99657
18717
-74945
78699
-89175
-69578
86630
94443
62400
88586
-99917
-61922
68015
-60016
53575
-13399
-48813
-15374
-5654
-49172
9328
67011
-66026
99324
-49035
84839
40458
-42674
-43426
51864
32395
39841
33011
-78115
16180
40656
53460
92397
-95144
28374
-55960
-14380
75877
-77921
-64725
21584
-63347
-24228
-59111
62078
-84466
85133
48849
3389
46364
-32876
73634
59724
85965
42915
-58690
19785
-16974
53624
54854
80571
8838
-42501
-24701
44027
36676
-31891
-83166
-62235
27852
-61760
-82085
-57455
19475
11072
-28780
86692
-66518
38923
-60364
-89416
97605
-70692
-66061
2622
18208
9616
38133
68192
69523
-19843
-34421
5371
-68866
11457
37188
77480
81434
-5980
46499
67433
-69042
64754
-51002
49891
-7699
-46327
-74569
-54399
85058
62784
61910
-44680
36402
73680
51699
-59143
-60318
53492
64768
48362
-91893
-72461
-5035
-93093
79740
-95621
24505
-31416
9440
-19524
-46403
43855
19700
27158
6524
87221
92583
-76408
88880
-71652
-75850
99460
-72160
23166
-91115
99924
-74726
-45383
-60656
-85835
20070
13285
-92879
7243
-6733
-43882
-60155
23436
-28657
917
-27978
86156
41748
-73932
-73378
83775
-56728
7478
-74068
-36296
18821
-19187
-86566
72044
-28319
-86301
-42086
32884
98507
-81201
-68656
52936
31052
40981
-53998
35641
-4265
-81174
-15903
45422
62942
-63827
3612
79759
-25593
-39579
71358
89587
-33328
-25769
63323
-63281
31532
56116
6734
-78072
-53757
16389
35138
98233
-93955
69855
-21210
-22722
60991
-8514
12009
27069
-42441
89474
-22333
89910
-30790
27035
21302
-18027
35218
34112
18987
23041
-49591
84708
23591
29904
-41325
-61713
71615
-57402
-60198
55797
53976
-82372
-66543
-41158
-11728
29851
-46990
63959
-30664
-71977
44832
58975
14342
38115
-35685
-49867
-41336
-75061
73840
-87271
-27266
42882
44317
21473
-59653
-23414
81616
39482
85731
2329
62719
68645
49547
24988
-90232
58367
-97165
-26500
33701
-97061
-70942
-16516
-73758
-5352
-35364
18048
488
1906
-10077
-87808
-66788
45105
16851
-61467
-48419
28540
-52811
-82791
-23379
-93319
-65086
37959
-3667
66305
-48099
26942
65033
-27089
-56698
-68643
-46375
-67418
-264
-41142
46573
73467
-35208
-74488
17076
-34362
-78676
-78400
-88284
-45478
49606
34189
-54464
83357
-23492
67790
99064
-79373
-67458
6057
19606
-24724
-81973
-82841
48550
38330
86320
-38739
86063
74270
92873
-55355
-45813
17987
-25427
52122
-79996
85712
20161
-21180
50513
-15267
-75751
89316
-13674
32926
72198
25200
-41731
62832
71541
-32645
91013
84189
60918
-4891
23356
74980
-92745
19292
-6391
-33081
71908
-29233
-45716
-10338
-10521
19312
51897
95446
-46993
59088
16791
-15162
-36646
-80846
-95301
82510
-80400
97262
1949
94795
-93402
-12761
-1859
-83202
61091
88566
-95044
53879
65946
49221
23047
-25031
-23711
57010
-84688
38293
60882
41836
51786
-30208
23174
68092
-70533
-3211
77041
58990
-4833
-67848
81557
-76532
-39124
-85557
-95392
43339
50042
55557
303
99987
-91827
53225
-40076
82997
-47474
68043
71176
80665
30287
-27201
80942
24552
-50456
-57197
-32215
-9098
-37863
9586
-76727
-35162
-40742
5093
16653
85371
36690
68802
66709
67688
-75900
-82163
-45808
-55345
-73759
30008
30752
-44634
-99459
9692
-82603
16445
84910
-61220
20555
47032
-81888
-14
78617
25151
59904
24199
19878
-82992
57287
67620
-27027
-85034
-9192
-50007
18156
-53061
62646
75944
7819
-87112
34611
58692
46511
25481
37168
-13829
62805
-31158
-77370
26050
64566
10503
18731
86362
50869
19707
-73851
-31813
-62613
-15242
27204
82225
-79306
-85573
-11638
31282
-45178
-2296
-15434
-31063
99146
88484
7755
97531
-41224
-7855
13228
7469
-59125
-2111
62834
38298
-65855
88711
19080
15021
-67648
37583
28030
-68030
-82552
-99004
25219
-72452
99404
-6128
-16750
-25623
-46102
-84646
45243
-35796
82193
11386
-35255
10727
9557
55867
49813
-2257
45617
-54925
-14755
47620
-59551
-37074
23562
8639
5386
-53064
-52975
-79961
-41470
11832
-17714
65052
-5208
-25612
98782
-51629
-34564
51096
54921
17710
-97552
72206
14984
-42586
87591
-50901
-80923
-2543
-51044
-81221
62617
65922
-29800
99121
18989
20481
-43690
-82648
25206
81957
5033
28406
-46709
-15663
-6275
-3493
-16337
95336
-12799
32123
3277
99128
-17522
-30107
20401
22319
-14254
83571
-6060
31122
52605
78989
-89883
29392
-63948
44065
-34397
76431
1664
6684
70801
-46712
-81697
24908
66173
84252
58956
-1871
-33816
77779
33945
-85364
-93915
-30944
-49680
-25255
-58171
81397
977
54237
-66969
14276
-60815
46649
32481
50147
-32361
51022
6354
3652
69253
-48458
55027
-44720
18011
-76725
38057
65360
-16758
3343
-11841
99864
83867
57973
-52895
-59438
50509
39945
-54706
5053
-64226
-7271
-61075
-40636
-13031
-58477
2977
82936
-63616
84924
93143
-25695
96864
90082
-53825
58460
-24989
-68482
-2278
35533
-12889
-84977
-49745
60390
61824
-13344
77174
34985
68065
-98102
46909
72607
13672
44724
29763
6654
-96953
-71400
2762
58752
-98782
68258
79227
13586
14098
-24669
-31027
35005
99984
65563
92005
40620
98738
45562
-46992
1228
65314
52670
-6769
80330
55365
23057
-48175
-76309
-43578
-84302
-25230
21313
-64821
-85990
26378
27923
62866
-99128
-76602
-57338
48107
39280
-19415
-11211
28679
-68377
59208
-83301
2505
17029
-66691
-15504
74637
-19275
52276
15992
-48668
-81072
4185
-71133
-9368
-44419
-57674
-88806
30978
-42622
-87749
-17837
28379
44178
-34898
73169
-97961
-18954
-85760
28889
-17816
-38422
71171
-3401
55862
-97790
7888
-66550
27009
-54133
51563
68265
98631
-49272
52494
-22922
77991
81875
71727
-29924
16157
-10132
-10779
49730
-65573
66980
-17472
51207
-88474
81860
-53114
-78637
-9871
-48940
-84615
-98738
-96488
79711
-47547
54424
30941
58079
-74381
-14833
24647
-753
-45997
-65062
30809
-57802
-40835
90335
-5857
117
-23799
-18197
24270
-11905
72285
10604
97129
48698
17184
-13635
45957
-21116
3774
-72178
87044
38766
-36431
22832
-21054
66727
47977
-87076
25425
-45521
-13238
61817
26244
67736
75507
33992
78985
-44148
-40177
-21648
-81734
-66004
6597
-48690
78824
-22240
42714
-39428
50487
-45891
98068
-8483
-33883
-32291
-54146
-58199
-4370
-61059
-60042
-81284
-85416
-32100
-81892
65471
-43297
-97795
-13374
75172
-84873
85913
-62563
-65703
32099
57398
-9969
12165
-20307
-54192
89665
18121
-74738
-35833
-50511
7298
61349
43075
71091
33952
76843
49411
18740
81507
-92489
-73822
-80122
-331
-42237
-62001
-74158
87478
32371
51726
-72030
93800
-83757
89459
88606
-8809
53234
-74515
16622
-14389
70076
97764
55334
-12577
71206
-43460
26692
-58681
-12034
-93260
-87598
-89533
-43551
48206
-18387
-94290
72992
-69607
-26478
-36946
96292
14672
-62780
68672
-72103
11354
-69219
-22839
-3288
49120
-55075
44655
-63357
-46245
82007
1965
27296
30639
92882
45486
92894
49068
3847
27572
-77952
20352
-84152
-84940
99703
53311
-34919
-7321
58999
-51560
86005
95207
44415
-28274
91157
-59347
14633
23053
90869
-66474
81301
44744
26530
-3173
-17780
92991
94764
-30441
73463
-18767
-57015
93323
-4174
-40675
52692
-52642
-91183
-84039
46219
4469
-52803
5415
-8814
-36893
52511
33794
47408
-87867
-14996
-61041
38918
-98080
-74013
92922
9942
91296
-16248
-88781
-67122
-26972
-38421
-27698
-37824
-19995
-6195
-26463
40405
-19399
-73326
-2193
-14365
-41877
-53142
38046
-67117
63968
38102
51643
-20225
90952
-42841
84991
-28107
-36567
18161
21280
-92838
12746
96468
-96105
44612
19611
-4854
-16232
-17057
-54362
70469
83998
65370
-36220
-42579
-44829
80985
-82716
-8946
38752
-39147
-42889
-43206
7380
65539
-20761
3096
13105
20248
47570
-61852
-59227
68758
-40647
37540
-45364
-12982
89889
-36737
-91045
47592
-36366
-5236
-57676
-79035
77882
-12645
-93613
83217
35303
56055
36771
33381
18379
91128
68752
-49371
63397
96301
38007
-11151
-80210
-21513
-95665
-36676
92230
-77763
88905
-84185
29751
-24605
52439
-16348
-46597
53670
77938
9885
7777
56117
-90555
25505
29480
84637
-73431
6267
-16972
36034
-53126
15516
21420
-98899
90872
4503
80947
68280
36890
71913
9160
-11997
-22138
18469
7232
84613
-47973
-90484
30043
-10869
-57246
-30302
-99196
-11373
-76294
-43283
-20540
58333
3280
17622
-82339
66534
21156
48650
-63242
60268
18608
-74273
-67411
-38598
71219
-2546
48655
-49663
67298
-46092
-48409
-18499
-67420
92140
2582
67137
-64455
-70439
-59275
-80675
48037
-68768
89233
16419
42830
-78114
-47290
13673
49644
38602
9947
40790
74612
-3039
-35055
-78054
-39161
-64796
9804
37026
-8069
-38239
82793
37374
99580
-28319
-37824
-93985
43906
68608
-58235
5058
-74893
81754
-89768
86109
-71070
-85298
23013
-40912
-36413
-94386
19752
28534
-58980
19938
6953
10191
93472
86386
79400
14354
-57647
-34197
-9890
23595
-57267
18103
75520
-52761
-33707
-45749
48312
-91472
-64904
17559
15690
-53887
95817
-7082
-8961
-63843
18394
88126
-40148
61858
-3880
-12739
-51522
-4053
-56391
-65531
4690
67454
-47633
-14293
15695
-14660
-73097
-18165
72046
51356
-24108
46951
80312
10152
-24748
-25726
96122
-2696
97961
-44531
61220
-8661
-89880
5017
5423
76129
-55123
66646
54791
-14476
93713
11971
-85961
-20743
-96888
-96426
7679
3963
-1278
59262
-53775
-16957
-74501
56058
7366
74514
-7921
-33627
51420
53570
83060
96536
98423
11050
1958
72956
63642
79780
-69969
-69158
54218
-7075
-67419
-62075
-76344
-24318
32395
-25303
12576
30185
63542
-41840
-34155
-17611
50846
83744
6600
-49593
-40434
-54828
25179
11242
-31668
-72946
-34975
43913
39541
-60927
73398
-63495
-22228
72568
-72119
25628
59350
-7772
-26046
43401
-39848
8954
16983
77993
-89299
39799
74842
72795
-55058
-91061
-18244
-51757
-97851
18940
86783
-37797
-96222
66441
-27963
13468
-28859
94137
20154
-16512
-64724
98804
95745
-5477
-41318
866
-29520
-27851
-89952
60766
-22071
-92082
53088
-47463
-44746
13896
-60202
69101
44884
44475
57678
59863
20859
56621
-20897
59383
-53172
-9091
12972
-58202
-70390
-42113
72417
61441
18116
-75971
-65186
-71487
36664
88025
-57271
24089
-68291
42501
-80057
-89485
87636
45478
-82086
-27393
4328
63211
39443
-25147
26916
-99451
99406
-1443
-13835
74841
50915
-74929
70225
34353
76152
-2788
-65673
77827
17671
-92876
-64100
52770
-64108
-57765
72471
97495
54676
15570
8352
-68929
-39402
69363
13616
-10382
27703
-42088
38593
-36015
97437
93839
64623
22153
-45142
-74166
63232
23944
16158
13521
-17389
47017
-87754
7601
99242
13287
66173
-9119
30259
-75198
-48662
20198
99071
68125
-61373
39069
-57625
41974
-13495
-68888
-27371
-85421
96047
-35986
937
26550
-78392
-20966
57163
-80556
86636
-66222
-1889
29832
-6550
-10830
15794
-2501
-71919
-73476
-7454
-9965
-75459
-7344
91447
23853
-2359
68434
64543
-86734
-77573
-20652
55804
45359
-44772
-82105
27781
60870
91832
-84865
51241
-37386
-17245
99810
43843
41108
60395
-98856
-92408
36336
-7910
-40163
70910
-42589
-61015
-80440
83647
-19580
39306
96370
13757
26904
-52385
50611
-24649
49616
97970
-24612
73283
-78356
41048
-38226
-16706
-43835
69952
-46569
-5947
-17968
-32052
-61864
93182
30910
-50481
-24563
-84441
-61773
5563
46352
-37826
22213
8244
66302
-62969
-64532
-20037
-32314
-84722
19394
-69326
-63574
16536
-45728
-40951
-23304
-26118
70211
-72580
1940
-37068
-58541
-46074
-57847
-10611
-51651
73279
2216
43775
-53614
-48481
-51521
89144
70645
10693
-13719
81398
8996
-19109
-78502
27961
33680
13416
71865
-77839
50474
-36078
-25240
63864
-55760
-542
3519
36784
-9448
-61580
-68984
33695
-60622
99454
45727
-48500
21447
-86208
88609
-67697
-22481
70564
3383
-93173
-83409
71426
-47638
-26792
-61676
50382
-37967
56921
43336
-84791
13169
53965
59832
-214
-98253
52596
78862
-28902
52325
33395
-11297
-27164
-51402
80576
-76547
-90650
-64458
53167
22095
-68017
78681
-87488
16283
-89724
48819
-24870
12007
79773
38350
50027
-99164
33617
38593
83874
57492
99600
54362
-38790
-52651
-38075
3612
7031
44020
-19504
-15035
-38690
97274
49973
90891
68477
-27228
25096
-56942
99716
14134
66940
68469
-63124
-46807
98218
25399
-80072
82642
-92939
65052
-95695
-71910
-92234
-74452
-81289
-77565
99334
61869
89761
5588
22775
-47082
43674
-68803
96988
65128
89097
33098
8209
-48764
76958
50731
50437
9556
-73077
-993
-30676
11615
-78394
-36048
8692
24902
57919
-21173
-23145
-38792
56817
44412
19215
60123
-68668
-93054
-78406
-49799
-38932
15415
54477
24225
-75287
95330
-69259
70006
94788
17014
7479
23909
98459
68410
31897
68750
-55597
-54581
57769
-56795
-12784
32098
-13105
-7012
-63717
82783
-48034
-37931
91132
-80784
-13142
-77288
50516
-40152
-3637
-82062
40539
-44409
10874
99302
87524
11459
1045
49711
-19380
-17899
-25052
-39992
-67080
-42409
-51723
29084
57900
60555
65424
71081
794
-91669
95696
63746
-66566
-13386
36731
-7498
-14422
-32285
24756
43184
1896
44389
19461
1829
63108
72257
-80569
53675
22002
13232
-99279
54841
-73048
-8255
-94978
86070
-21717
-46072
-20199
-89772
97868
-33538
11835
-86635
6536
-61846
-20581
27093
30401
-62866
33290
58797
80414
-14275
-67861
34782
-43455
-12697
-35353
13465
-33524
10961
45771
33101
90041
-97474
-38399
3492
-47532
41495
40115
-42794
-52570
-71410
45590
55687
38899
96164
-5066
55778
83681
-5031
56017
-32206
25704
40286
75775
11328
-20529
81043
25656
-28371
24106
-16412
-46520
1746
-19713
16630
-36175
35753
-79665
-77943
-24496
-25435
-70446
-70006
17251
-46878
61771
35782
-3332
-81242
-42729
-58240
29709
6364
-32182
18518
-9745
18454
34757
26478
-7284
-64354
-12815
-67180
81182
-13401
57441
14830
-4701
8492
49889
97178
20331
-81823
-68492
-58337
47848
-35390
78598
-42174
63114
18738
1149
51211
95317
21456
97866
-78369
58803
59672
-57078
-60141
-41435
-6580
67176
-2948
-86962
-88408
-9074
66812
36162
46553
-34792
64153
-49461
-93317
16705
72437
-16411
-55302
30668
-65964
67047
38042
-2220
21322
-84917
91710
-58631
12305
-84188
64306
-88014
-63142
75461
-58277
-60012
35409
-51618
-78438
-17515
89054
32035
60139
-26921
-30466
-54228
48856
-1943
42379
-84163
-56315
97667
54870
-92011
78168
-32536
-33638
63271
31101
-20340
85076
36947
-72444
-85767
11766
30629
17048
-10869
99040
-94875
61363
-37372
99428
-85481
46571
-32399
-11633
-34299
8247
-2671
-6493
-11436
90334
52645
-9714
20320
37800
15352
80368
-77950
46817
-62096
19852
-78508
21213
-13764
94951
57335
-94820
-59757
48969
-69221
94144
93904
-23507
27752
-44031
2701
-34975
-41320
-10342
91855
-25721
-6158
-43177
86063
-558
-73954
-78590
-83528
17519
-26291
94390
-71687
37703
-49422
77335
-35222
9987
-71546
84020
21146
90373
-80511
-39518
48313
66917
11505
63891
-28037
8208
-38084
90207
33735
43723
50700
-44536
-28863
-84826
31667
41099
73564
-66659
-18522
98167
70195
19082
82651
67500
89672
77949
-94439
71681
92145
-18353
-43677
-60578
87244
61622
29008
18768
28141
97225
90068
-78367
41601
24915
-28679
35088
81700
8562
-95817
3456
77993
95173
30992
31748
93018
-21857
-2247
68063
97693
8144
-74151
4648
67438
-41484
59445
-47561
37748
672
27243
6812
11439
85381
9103
87814
79193
62582
1816
39009
82804
6550
99746
-89363
28314
13291
-91600
-25061
79368
-24617
27184
85095
75016
-23486
76758
94706
-48861
-32870
-42702
15001
75637
-49702
-97819
-90919
-53097
17187
10888
-30499
-68338
-45802
-63185
-49051
67429
-66085
30289
42090
19986
51224
-38149
74615
93034
-11617
-1793
-61431
-30650
88141
16342
-87903
24861
-32077
-98795
-96168
84022
8620
-24944
-45970
87243
87839
-68545
68211
23102
73232
51236
89667
-6349
-38607
29653
51102
-46002
-35447
43814
71900
49867
-21862
-16263
-40591
-81033
-92535
-95737
-32469
43490
90434
-94661
89921
90528
95667
21997
82550
61825
-85427
-10475
91627
2955
-21809
11695
-26778
-21350
12659
54438
52141
-95911
-94899
-13172
-49462
97445
39408
-57573
-95215
42964
54492
13208
3997
27059
99597
-98133
-69753
44181
-44077
-35187
-71591
14512
-98632
19978
-77807
75893
88859
-18346
-57016
30301
10989
-40176
53724
-65329
22416
96333
-42637
-87670
-5077
3954
83251
-54512
31775
49526
66454
5945
-25222
68355
-30551
95786
-71142
28375
29270
-25659
4177
17508
6435
-76792
-25700
-95038
-39227
46119
-94575
-2689
22637
3375
83430
-98244
-91851
49881
-69872
-59627
76437
8944
81906
95386
-11446
-85594
-27064
-35936
-3572
-21471
-50280
-34997
-40668
46388
-35095
24474
-26746
95009
12102
97509
46899
-7644
-48041
99335
97609
27426
-87562
-45597
-39228
79836
8672
86830
65029
-51288
59783
29434
-45638
-79843
84783
-21994
-73032
-5112
10089
34832
95601
58486
91045
35418
94505
15982
56414
-79115
-13808
-81310
93687
14020
-83004
-29193
-63547
-444
27895
5280
-41848
-55511
20083
-6151
-9819
-77000
9011
13214
-90624
-77626
-48608
81862
-9648
37708
91861
-51400
-83464
41991
26526
56838
-3836
-10871
-7652
80189
78049
15959
-98522
-39837
-82923
52962
-21460
-6316
-40283
52448
33484
-50937
-46440
-96880
84068
-30769
-94364
-18771
-2108
43712
-96968
-60332
-86804
-1835
-10132
-43475
87932
57508
24622
-33537
-65252
44002
-90021
-47584
-88
-35824
-18838
-57908
54924
58483
-81378
-89176
51116
-22825
71455
-4834
50696
-1687
83870
-28608
61887
-53332
-4300
-83407
75450
27723
56152
-85118
25520
9306
15553
12956
-38977
-52943
35354
-45700
-56353
-19803
-20036
-96425
-38751
52827
57506
40322
-1952
-70444
-94792
10540
-6041
17924
-15619
79873
-52891
41491
66963
84959
92147
29529
-93610
21361
74037
-3230
9544
-34808
76778
60946
-1587
-78642
-92119
-16044
5002
-47340
91715
26529
12361
32885
-62062
23349
96182
-98270
56278
58258
-54536
24843
63041
-64011
-94506
-95273
59749
45491
75081
-47090
55350
74312
81790
-30949
91042
84588
-29266
-77251
32274
-80785
48237
47461
97826
-9314
-87236
81096
36316
-65199
-16641
-39906
-19997
89599
3495
-24501
-31162
-64863
-37405
84276
-32029
98913
-52195
75249
-60753
65679
69333
76400
89604
18249
-12198
94584
-17781
-67257
-90263
53910
70936
43196
14913
55801
-99692
-61628
64390
-84007
-45817
50393
75679
-22980
59495
-28452
6216
73147
-74328
85991
22157
25158
-97733
-6574
2742
51429
78676
-89352
89088
92766
-25272
64684
-70921
4885
-43941
-24925
-68917
4171
3337
14409
-62286
53299
-3251
742
48962
6266
29754
15193
-80131
88934
-89285
-19832
85958
-95701
-19835
25636
43600
-11002
27102
-86598
-11260
44720
83045
-13853
-67847
-16110
-61487
43998
4132
-90422
91888
31482
-8662
-70630
-15253
-21082
54689
63598
29458
-60565
15984
89899
-44593
97974
-65637
-99874
13222
73824
-48750
39391
-32453
75711
-46175
-42662
15083
-22803
-12354
-73895
-89955
-45054
89879
-21321
817
63304
63548
-98162
3271
61933
-22211
80335
-30767
45289
-41999
41684
-31603
-73143
-17323
4384
84496
24217
90648
81350
-32665
60842
-6279
-869
85493
9880
-57491
55573
-56720
-49643
-82421
-27356
-50321
-16692
-23611
71104
-8231
95389
22581
-74399
59998
73801
-3289
-55117
98652
82367
80487
61004
-39643
-98798
25391
-15490
79226
34926
-79071
84402
49265
6006
-31320
42453
57835
26859
63318
-78481
-77417
50202
-46055
37524
49331
87172
-72605
-85432
45404
26372
-21129
33513
-51341
-20834
-24334
-269
-29947
77034
40569
-57464
-21998
-98624
-7838
53741
-87546
40809
40600
26509
-25985
-82042
-85624
-74715
10658
-30211
494
-9892
-90067
-71588
-12327
-45700
-19495
-28430
90540
-72610
25056
56096
7843
-81871
37290
-17719
-89456
-8888
-615
-35926
11485
-91386
-67734
-91054
-28455
-9065
6054
-29342
72989
-46960
29478
3609
-74028
44364
16796
69730
14091
-12777
-89177
-32261
-74454
12317
22708
41629
-46839
34048
11910
-22494
-96688
-52506
62115
-73968
2540
-5649
10140
61886
-33083
84504
-78837
26126
64480
-25815
8267
-81378
-60592
-85808
-49097
-42364
86492
39790
18066
-56557
96
64973
54718
-64332
-32640
95855
33154
17325
-11360
-4824
-47405
-73750
-37378
27222
-7297
-23757
-50055
8894
4342
-47785
-75459
-830
18431
36523
-58456
-8052
-22753
89511
-35356
-81713
-61662
5926
59906
47821
-90212
-54915
39506
-52661
-51614
-6235
31536
-44145
-14779
8208
-73610
-70438
-73766
13014
-50100
-90359
-23030
68092
-34611
-3915
-78576
53897
-4189
-48727
48305
51712
45257
2655
-69275
-16177
-680
73576
-38479
-81288
-3778
86934
-56683
-1003
66267
-78839
46607
-48407
-4062
47363
78807
56325
-18892
-41145
13587
16906
35878
-37757
72745
-71162
-94364
27015
87422
-36
-19229
-75730
68120
-26713
46705
9804
9658
-62537
14429
47769
93079
53551
63503
68908
40851
-13828
99241
-21638
-68505
2573
24803
82195
54617
15952
50351
3576
226
81594
-42562
-66646
3732
96762
-34707
-67480
-97944
79574
91199
68862
7201
-78373
31062
-12231
80523
41727
33059
-61639
-10186
-98597
-20683
-52063
-98952
28332
17869
89730
25810
84801
-81368
-76369
31497
-16190
-30258
74593
-26799
96766
-30694
-64850
-65783
-467
14316
-86662
-36887
-43364
76724
-83057
-81375
-51748
-93921
49945
-82787
26069
16264
-25807
-14012
-78378
21104
-62310
74226
-28174
31670
87559
10238
-90594
-59040
71951
-54309
65709
-8424
55370
-36859
59924
-27928
10049
-71873
-75526
-73550
24302
31428
-52520
-45512
-26681
45143
18
-89725
28614
-96939
-32344
-95807
-83209
-79272
-99914
-69022
-79799
40064
42903
94450
-60016
5930
60075
72063
43446
9403
4236
-53884
-53963
71333
88597
64930
-44671
-48501
29939
84931
-39113
-93242
31079
38106
11880
-89956
-71901
22812
9118
37339
-88547
67289
74073
-22154
88799
13694
-65137
-15513
41565
50269
15070
-59532
34218
-78895
-93032
-98493
-4096
37601
-72985
-95673
-80170
-84741
51991
77671
87712
-56996
72154
-34301
51183
33863
-76158
-26
5498
32112
-14902
35343
21102
-57850
-35460
614
-8081
44136
28485
13505
-62015
-99952
83897
-83577
38389
-47686
84811
32873
5136
-84651
55904
-97692
58794
68187
-48711
-53524
-9610
96142
41361
-44596
56063
-17123
-17210
78862
71291
-97395
32627
43853
92214
-71625
15693
-19355
56428
1331
-1190
8763
-70608
50153
75338
40028
43137
17118
88929
-5309
-99983
-6666
-39812
27044
-45005
-61146
52939
-14390
5168
26305
78803
-90113
61141
91449
33990
41035
11815
-82915
23136
-29163
25372
-24713
51570
26048
-96331
91940
-36648
-28082
6953
12906
-6267
-31319
-20064
-58415
-66750
32790
-59378
-77570
28497
-18785
28183
11111
70968
50066
14434
25397
-99678
-96286
-54525
-73124
-18426
1523
-43561
-31814
-54547
63291
-56318
-98157
-36315
2166
43431
-1358
-52215
35538
-56359
-3899
69583
30849
75503
55121
-4773
82893
74731
-31131
-65651
-93584
12775
-93762
-78919
48813
33803
-43297
15519
30820
85249
-39297
-65316
67805
90218
68178
-53202
-70198
83128
435
7634
83066
-96298
-73019
85166
-6774
-40048
-85692
18579
15969
59520
68838
33095
88903
-34995
-40169
-69812
-6293
-53335
32953
-79753
8320
-43604
24235
59533
-57351
80757
96249
-96686
51014
62381
-60663
18148
92288
-87944
-97516
-29301
-85392
3025
97090
-74633
-85801
-26391
9904
-63632
76269
-32049
-94644
-69408
-35075
18703
-38975
27941
16192
53121
-30687
58016
82123
-15428
93847
2461
-9029
98840
-87182
-15231
-21890
-52079
-16748
68072
-29052
-48483
83558
88011
-28677
91350
4497
-32459
-56292
-67124
73763
-53011
-16282
-36855
-92457
-88489
94342
-36385
89059
-86066
6108
3869
90388
-6850
76389
-84283
98912
58231
-60776
-7019
37212
62645
85511
-82291
27679
-71135
1605
49824
66624
-71807
51944
83451
-26146
-81320
-46271
38792
14842
1503
76260
-1150
-47167
97458
-43199
53189
86787
69065
-18636
87316
52092
78291
-45519
14291
66915
83130
-33992
-94932
-513
76629
-47504
68063
8726
-78868
-77516
76634
6418
4761
14330
53931
72095
3319
-64572
-26063
-68697
25323
-67912
-24112
97191
-63902
41785
48853
28093
65407
34727
-40020
-75834
58471
-71871
59279
39297
23178
15095
-34446
-72611
98992
-40523
54692
-1676
-89741
76772
-37546
5813
98461
-88566
17124
7233
83882
-51534
-5978
4863
206
-6083
77360
75582
-47249
-27996
-3496
-91764
-40555
3659
1037
-25574
-63823
53976
-73213
72694
48925
47634
-48347
2568
-39791
-19691
-20224
26162
10839
-63794
98852
19905
7617
41375
-66011
-7632
-65145
31224
12064
77153
22439
-52210
92688
18791
-60642
68458
-10871
-77505
-89103
-90080
89743
5710
17890
-85322
9130
9338
-39508
79547
-11048
-82262
-61614
-98992
-59524
-17600
-89811
-91003
-78280
31564
-31837
13767
-8172
-51620
-20489
5664
-29571
-99311
-18557
46714
-62673
10089
39248
29257
88700
46892
39881
94372
98554
86476
-15491
43713
58533
-43344
14029
71740
-84664
-74988
50448
-1942
-15964
-85448
71578
48032
26551
3052
94942
-63025
-44136
97191
63453
-16560
25693
-86813
-75400
-97142
85511
-25215
-52789
-12125
-89759
-45447
-16913
24594
-61468
9684
-30041
-38376
-55023
-6341
-97791
-73107
76444
65759
37760
5459
78681
-16870
-89864
94688
-57805
-50642
-78467
-29730
-87771
14203
-22024
-27140
77582
96720
-90346
-1456
3683
-74120
35046
75836
-69550
84405
59262
98749
-49656
57295
-62324
-743
-47424
-40450
-84066
-33422
-1568
96836
-81866
65453
39032
35563
-48335
56767
73972
63612
37535
-11445
-36288
-91355
-82775
6076
38706
74089
12905
36562
-23324
-84605
-23967
3487
-65213
31624
-5406
13559
-95261
-87101
98934
18736
24226
84338
77126
-28117
-79746
-56980
40378
-4303
-97212
-88540
11808
17052
-10871
59392
18974
51305
8891
98992
-54087
4662
79666
80774
23054
-73018
4621
-8812
-98114
94287
-34600
-28058
-75411
45656
13172
-71811
-62042
-74784
-8536
-58465
49440
37203
10535
-47303
77788
-13324
-74111
60482
-60518
75731
64894
14655
-75363
47554
-25101
-97627
73070
-80197
-62155
93093
99802
-32845
91401
33100
57283
-95188
44782
-99155
53001
36052
26911
11187
80631
94590
-34833
-47599
4061
-33224
-63587
-59653
-21431
71926
22596
20953
63723
45099
-11609
23834
-15103
-90523
85608
53713
44419
-98051
95041
-83468
23243
-16903
-17869
6170
60848
35836
74626
-99248
-64850
-4596
-56977
62602
-52039
94333
-9880
62549
17497
-11214
-8812
95272
25059
-7170
15938
6569
24021
3695
67860
-32832
-81238
43309
55266
43742
-99180
53786
85408
5335
-66551
-75380
74343
99947
47355
28729
61823
-44977
53557
-57678
82883
81748
93286
-84355
-23452
-32224
-45179
-38024
-90450
35075
74359
-24322
-87547
-18383
33680
58319
-67908
-33325
37378
-97782
94694
64199
32001
79665
56705
-19349
-8134
6758
64718
-57748
16783
-81531
42583
12475
19260
31239
63318
61579
21548
-28014
34213
-93117
-96258
35178
91062
16208
-29858
-56568
88113
44894
82016
-47803
-7100
9871
-84367
58788
-67255
-73313
57329
92322
58207
-77135
-88846
-94632
-13334
-66825
62329
30963
77308
49645
-78229
25702
-65451
-4497
-20211
-7106
56812
-28864
4879
-65439
-20018
-24843
87575
23934
49073
51823
2202
15079
-50489
-10742
-70436
703
-58933
-5768
42568
92917
-91756
-90406
-60506
22594
-52632
79250
-32161
-58182
15
98859
-48869
-1396
-25406
-59686
27953
49705
-3936
32494
24064
-36340
75530
57635
99020
-86313
12992
-10225
-57399
81991
40044
99654
96193
-11755
58826
7700
-18155
47390
98809
-26174
37052
46141
35429
80555
42822
39570
-73825
-18648
45600
-93507
-72806
6442
-99768
-88664
95392
79492
27591
-22687
80874
-86043
-49871
16634
96600
17639
-9597
1143
82258
-57676
53561
43978
36314
59014
-17372
65462
67607
63942
-97164
-66738
74519
74200
-80157
28377
76205
-20449
-63848
-77775
73553
-6699
-22653
-33360
77303
49704
9572
68818
-26336
29007
-47091
-99751
5865
19034
-40017
47311
13638
75613
-52302
3246
-48487
-5641
-73841
-74652
57527
97112
33109
-41239
-26993
-6474
-8864
93149
98955
15713
32374
-49316
9377
-23155
-32595
-98397
13801
90506
7905
-2096
-57447
-15814
-83267
-90949
15036
28931
24602
-98067
-64588
-68068
-11951
-98876
-23782
-77769
84643
-13676
79000
-62229
89997
30634
59426
-8615
17467
-23443
60268
88937
-49144
60558
-51935
50774
-89978
-44513
71980
-77402
55142
-85758
-45971
36446
-25979
43379
57801
67624
84522
91519
10622
74729
-17840
-72120
31694
4405
-32992
65779
79714
-73657
56535
-6903
-78863
-34215
58741
-97899
-23413
-26446
-67693
53158
99206
-52081
-97946
-6271
58492
-1109
47508
97755
-57248
-67875
31753
-67832
-21660
-71934
10396
-63302
700
20486
-27608
63015
-90044
-15002
-62840
-34245
-73746
-9692
-89059
-11470
59966
-30970
-8560
37069
39438
-19133
36062
-23194
17699
33567
97151
55968
-78893
-19274
47895
3129
-28852
37683
92989
20260
-27567
9615
74034
-34286
-89380
-40712
-89892
21848
-24729
61607
-21115
-5229
-20910
-92313
-21436
71048
98219
-92301
41635
34146
76778
79751
-16768
96698
-2496
-17367
-89112
54058
-82494
97273
65367
10010
18077
-49987
93753
65842
2024
81804
-23625
-12490
14756
-77132
-84344
87551
-41456
-4865
28476
-89898
78169
62777
-54945
27216
28967
-9456
44087
1495
-10705
57042
-17131
42825
77551
97515
25437
-51802
14766
36053
88565
-68738
58485
-36663
8048
20604
-29065
-6426
44909
41988
-32770
8583
74985
-8537
-43065
41943
-38804
-52187
29123
-98435
-40422
-30667
7295
-61501
-7819
-39574
-47267
-7395
-95869
-36906
-78386
7512
-10886
-92387
51240
40821
-59773
32959
-19945
27417
88318
27945
-44864
-56228
-35189
89547
49252
-43743
-1800
-51185
79896
-47097
61067
89050
-54886
92578
-96601
-80383
66293
-75146
31764
-86939
-42959
-16837
42166
90805
-55960
-7025
-20902
-45372
-49240
-66501
-4357
-20545
10547
-4038
-71074
-15087
58176
17079
-66934
-86076
-36280
-88323
59818
84766
19331
-66526
47128
51989
-10560
45434
82310
-98698
87477
61705
-34703
55197
33307
20907
3739
-94365
85270
-50348
57372
33372
91018
-86370
-49248
90304
14451
-48525
83178
13570
-26807
38864
44151
53960
38228
-17614
-41488
-87039
46056
-29024
61982
-12323
-72407
78387
29312
-16919
53751
62876
49244
-20153
57672
-1801
75557
-15567
30908
-50504
61357
-75940
-80748
23444
55385
21218
91950
-96640
6621
87989
-43745
-62519
48228
-23806
47296
-32984
-73612
23323
70895
-80530
-67639
-1407
-60914
89220
-69982
-60057
-59633
-91876
37311
-4699
38916
71762
21681
-66818
-67395
-35131
61116
76926
9029
52419
52185
71750
85250
49655
4688
-57769
32070
-96890
-39451
23940
25641
-45780
-66411
-42029
43762
4949
72437
-72643
-55154
83668
-18972
-97711
42079
-57137
-18393
-58594
51714
89747
87328
-54139
76957
39568
40802
62062
72081
-88725
-30252
-39549
51968
-53368
-80630
-63622
-59020
-63895
28614
-18645
-45932
70359
9158
64019
80577
-40067
91232
-83381
71215
51303
-59975
-51361
92565
19063
63570
-97886
-4208
1664
14774
32217
-20846
10296
49788
-1273
-71790
1371
-13259
-19807
-54487
-36815
3867
-25996
26216
-67634
29155
58433
-53291
55603
58309
95396
-25466
47645
19503
9435
-92559
35312
-69864
26681
20942
29345
-97883
-11038
26817
53522
-66640
-72840
-15775
67021
66017
-14165
31744
-5001
81039
74527
77382
10118
-94334
80322
-66
-19143
44369
-96417
-42994
-12381
-43436
-31365
601
-3370
52834
94306
26393
377
-54860
96293
85182
-84250
55882
-26818
-91231
-99887
10216
9315
-97151
-56185
-38056
27505
-16360
-95108
-74661
-46857
-23841
41237
-58652
62272
90460
13401
16826
43212
61502
79925
25128
1956
-58936
-57746
-82074
-16725
-60687
-79151
51388
5634
39367
-84066
95917
-88076
-38828
29878
-21230
-20845
22474
7316
-80425
-29146
-36144
89516
72055
-14469
-36501
-4902
-48378
93715
-5534
-54234
-56982
64543
91905
28753
28853
-90198
18801
86077
-82657
-45361
-75134
16709
99666
-67798
2131
-88076
49769
-11147
-63919
31307
7313
-20036
22270
-40967
-59847
-44897
-14435
-30500
-24170
55005
79359
-1816
41137
-52766
-2326
72193
12995
-80468
40811
-52580
94698
42487
-11310
18898
24170
45400
75411
48570
-62428
14998
3396
74550
10414
8161
-61669
40800
-64034
-32987
-57065
17536
58700
25987
11576
53137
61445
-92981
96757
20479
-57415
36310
-44550
-89604
-46461
-4827
-64656
856
-43199
7051
-45704
3376
-68503
6061
5236
71627
57860
82747
-94893
-69364
-14998
18133
-78344
-7003
-33
19108
91091
31042
56039
47833
-66140
-53529
-84614
28328
93033
-40233
-745
-70014
40476
99018
46417
40782
-41711
56727
26835
81185
66594
-28217
-67104
29752
50477
25094
38987
-90161
-93117
-49025
66476
95090
-24752
-9351
55859
-47434
69751
8265
59481
75998
19026
30953
-47012
-90158
35779
-68218
-834
36061
35740
-25887
-1421
29313
50152
90914
80180
-98131
-91136
46590
54590
-75824
-40131
68530
-10873
87696
-52624
53195
98927
62599
-44716
20368
-16183
-39758
83921
-18997
82407
-25948
78974
-97332
66577
-94661
-65180
-45338
-85311
-16633
16289
-21886
23704
-20459
-42985
33134
-77116
97958
29335
-67360
-76876
17119
55673
-2004
-42312
98546
-91525
-43845
2639
-20201
-68563
-34525
-16178
-31639
-88871
-6250
19241
8438
-81040
-80079
11841
94154
-29422
36179
80752
965
17189
92429
25923
71407
-97687
-76766
9602
-56959
60114
60646
1504
31598
-80848
55131
-66224
-98454
-65289
-45387
13569
-71380
29481
14799
34344
79138
-64816
73086
34553
-9352
26520
-11560
-31260
82307
-36502
-28463
55261
-13051
-50656
90200
-75107
-99316
90228
-57154
34868
11921
-62841
99457
-33834
82865
38023
-52625
21115
-73771
-54164
-23283
-32738
-70924
1595
-76269
96518
78310
-4200
90725
2333
15929
-18467
-23311
49645
-15492
-66299
-13351
-37860
-45402
19002
-75933
-56068
-61092
7667
94340
97767
71968
15716
-88380
-99458
73233
7135
-72920
2530
22296
-22306
-92771
-40717
73651
43268
41665
960
-75051
25685
31247
96932
-92458
43941
-93311
-39523
-4926
16360
2939
-34480
-45096
41811
-47652
-47366
-80438
-33743
-18822
71121
1206
20897
59431
-48607
-50940
-12707
-11740
-7883
-78875
-67529
74507
-30911
64318
-47053
-19654
-95319
97317
-67513
-81852
82240
-25518
-90679
-6853
-11108
-78321
18209
-75014
59493
12876
-71557
15235
-11023
15371
24313
-16316
-21676
15903
-88512
86805
81146
-49838
25994
-24871
-18120
-14676
67397
-42549
689
-25643
83594
-55389
-47019
-63946
44933
19989
-7699
-4734
55786
24502
-78456
-64612
-45102
-62581
88105
-79862
-95731
72328
23783
-95421
19129
71156
-24846
93326
-94392
63892
39423
-47580
37362
12287
-72469
63196
-8353
-19003
-72601
-82114
87494
78228
-58124
17166
84191
-7701
-88881
-15694
-64515
28088
-78803
-91860
31126
-23867
-41253
4943
-23580
-36587
80469
-25291
6315
-81287
11014
77870
71068
-78695
98016
77908
52703
-14398
93147
-15829
-89
-42497
-81701
98481
-69484
20154
36441
-35906
-46917
14999
-898
31449
-47499
48763
72336
-49017
85494
-64333
-14487
-6596
-65914
-67707
38454
-64550
24255
77947
-72529
20512
47041
-98944
-99380
-25218
-94989
-24545
-89060
70731
29114
48721
18690
-73361
-77398
98359
-44950
32525
-63795
-52853
-79914
-4374
-33768
29902
-15762
-60620
-92475
65140
35047
47770
74642
-47794
-80652
-92936
28370
61740
83835
29313
-25877
65301
71518
50417
36479
57137
-53104
11786
-86278
-18198
-78222
-91915
-7229
27689
-50021
-10941
69938
-37773
96425
3424
78875
-62764
28953
-95893
58701
-95682
-78329
-13679
61657
27630
16292
-71566
-30181
-16547
4660
50681
51760
-15213
52810
72378
72087
87200
-22535
74381
-92804
-9380
32136
74390
72655
-72977
56514
-32430
25372
15155
-13144
75499
34422
-48729
99985
59947
96302
-51807
17252
-17631
-83288
-46023
65899
-18970
93023
-77034
-40803
-86756
-98838
-98683
-447
-42127
53481
-59851
62446
54742
2584
-93037
-61487
71321
-4377
-46144
40459
-59438
37575
82168
-66857
-32005
-41935
72424
80046
41821
32153
-52954
-4334
9662
-31977
-27753
92114
16368
21738
-99272
-69234
-57073
-53735
22866
96444
-97884
22876
46309
-25716
-18520
-4084
-12339
-4516
88822
-5705
51856
-95207
32602
41518
11289
79062
47502
97689
-57074
44192
-16753
-58703
85009
-39370
-93682
1788
8000
11364
-28037
98208
8076
93908
81645
-70927
91072
-19694
-12144
46552
90444
-4066
63227
-80671
-82201
70162
65881
99192
-76433
55892
-17401
-34382
-61806
-59446
30167
-39293
-92495
87975
54438
-89324
-47739
-26575
-92950
71819
-18893
36551
-33814
40827
-69830
-73725
-55721
38711
-27005
-58814
80
-16654
37547
25165
55055
-99439
-52105
35663
91510
7875
-37242
-97382
4975
-58940
-70443
-47179
-77571
-47909
-58631
-33483
57534
51639
-95613
-63377
32519
71117
8883
41756
-16096
-58360
10517
-23509
19937
84384
-75045
90656
-61886
-26420
-15018
-22869
-10205
67958
-27235
-56378
-19549
-99007
-3521
58464
21886
48411
-95010
65765
-46353
52750
10186
76610
-31066
-13953
-32145
89440
78922
-90540
-34208
85167
-4003
26656
68144
-9519
79101
89823
81537
-77934
-61973
38201
-17697
44380
58907
-23549
59854
-76323
-41024
48994
-57178
-86377
-39938
29425
96790
38843
-59676
-9929
-60440
25824
-73298
22674
-69370
-55982
-88871
86467
74143
-27425
-9335
76010
-25417
-13986
97923
93156
11145
-78686
-85463
-91716
83912
-53649
86066
7363
-1228
-8674
10129
-59208
-25372
-58351
90463
-65834
-16102
-48642
-40024
-66625
91935
61733
-73098
-48724
-37610
-79443
42218
-12484
92117
-60211
-70319
-91155
-96060
22810
-34148
48324
49020
-90270
69688
-57566
-39776
-14077
-16277
22722
54948
-84379
-11441
24851
47192
-74197
-75803
-83910
91613
28865
80901
84675
49520
-16893
72397
-95967
-97800
-82319
-10671
-5669
-71727
-70768
-53605
-19763
-26404
-35767
87262
24500
44575
4296
-3392
6127
-61907
21774
-55341
-67510
92673
-95843
-73445
31089
7892
-1896
26544
-51923
-69491
55838
7623
32413
19575
48948
79531
31966
-41409
80055
-15404
-29747
93057
46085
-4706
-90936
64127
-95313
-31535
81091
-80464
-7381
-57870
60288
10847
26728
58568
-4580
-47378
-53614
-90213
-72294
86705
-99890
-34682
-53360
-62616
-80258
17964
11492
76983
25543
-42875
10798
56606
-8315
65662
-11790
-78233
34284
613
-3634
34293
65257
55474
-68883
72977
48728
-9886
-34476
8848
-26260
38216
-50264
-10771
46425
-27148
27889
-57682
-92420
-4055
-77784
19970
-26900
-51438
-22246
-67225
39519
73709
-29113
-56757
20447
-57599
-44609
-93299
-17389
-94387
-63584
97236
-96736
65782
-8349
-31995
56150
-34575
-14505
-26202
-3456
98502
41900
-58129
-88173
72375
88132
-80993
87569
1477
97119
-84252
90555
-47984
98982
56875
-98635
-77246
57115
-36384
76386
-90876
7141
-19324
-10174
-47102
-89235
-18730
-45117
7218
-65543
89951
-35885
-57718
-71788
66817
-27190
26930
-53993
9142
-45974
18833
19586
-50918
-86330
-55489
26621
-18632
-61593
34493
96294
-49533
74329
-49653
-15279
-91582
92046
-14150
-70124
66226
-66447
-11594
72419
74562
80927
-66198
29802
66399
-92710
-29227
92907
72898
-75412
-33483
-56154
-851
-15310
-95405
-69070
-12866
-47840
82000
22514
70421
-67280
-93796
69679
73249
45558
74948
21083
-5412
-42501
50481
-69180
62187
-31860
-18305
-9973
57043
-27519
67363
20269
37674
70496
91793
6308
-74429
98684
-31890
-54656
89119
-50420
93357
61742
-97082
8219
-74009
-7025
82641
96145
6650
-81985
-24724
89188
2188
-87521
28023
10452
-13025
-36845
15290
-27323
57503
-71033
-49378
-10448
-70064
-92774
12480
56158
-25649
-86438
-58505
-48832
36523
-89789
50045
-35123
46988
-24953
72024
80904
84213
54200
42822
41901
-83195
49524
-38570
-47366
-96962
20926
-98090
-41951
-36839
58853
94182
86191
-22524
-13334
-95803
52914
-37540
87036
45881
-82539
-658
-56534
30541
50572
2071
-14507
2499
31283
-19695
98322
-78622
57008
-80492
38386
-99183
-74069
68024
-69765
63542
-34825
89457
44680
13503
31596
41023
22648
1876
-31883
-99039
-6760
-22048
-24634
5595
35585
41368
-872
-89311
62177
63648
-5427
33256
-20658
2574
-61680
-44105
-19054
96851
21535
-25998
-27230
-64416
-83203
68813
37573
-61644
-76616
-86588
42852
-14477
-33323
9732
-86346
82840
32664
-66259
75246
-55915
63574
26224
66490
-71210
91310
89130
78976
48058
96020
52636
15604
-58522
-95657
46855
8920
59058
-49288
93357
-91979
89656
35379
-99428
-85793
-99007
-61517
-68834
-53329
-19467
85941
-74734
93536
10223
32898
93486
85586
-7695
-94181
1423
-96883
-74257
53965
-71547
29131
-75904
-75762
-48097
36198
87897
-26141
-38128
-73451
58764
-20232
24991
-8958
81693
27927
-40801
34064
17455
58873
-85615
72667
-67800
28228
-97385
-77778
7299
-59772
-49060
-53011
-36071
93263
338
72796
41020
592
-68405
5006
16949
-62381
-40414
27523
-49439
-87032
15597
-44481
-95634
-79370
-95569
49522
63981
69801
-88135
-86337
47430
94426
57959
29779
82972
-34270
47471
61476
-69699
-73133
59015
67332
18949
-55534
83052
-60050
-2864
-72581
-11591
34462
21094
-48577
-31379
17160
48691
-20632
4059
18077
69474
-30581
-62085
-77223
7903
24840
-91985
-22657
59163
79361
18850
-73213
3706
41839
-81683
52772
-97112
-64222
27216
96806
11269
98085
91886
38374
-90645
-48546
-55486
87157
48872
-52723
31719
84597
33265
74234
78893
32202
-14440
66145
-17246
23046
53055
24260
-76853
82681
94024
-92464
-54700
83747
-96962
-43840
-97399
87184
21441
30254
50043
-64183
-31364
82373
65743
67126
6044
-21692
-56122
79618
-29864
12727
50433
-86823
53190
-54432
-8009
63403
91275
14237
-94057
-35282
-4805
-23066
88966
-89033
22107
35434
5379
-36610
-10708
48220
-70510
61147
-32435
93113
50326
9815
-24729
66248
-63707
-56538
80127
-92754
-14247
48794
-976
49787
-81703
90068
13102
-43092
-49626
-76868
31828
26183
94611
-24573
43214
75623
97172
78917
-16955
5081
18455
53596
84544
90665
18734
-22365
29530
59970
-69940
77911
93424
20527
49990
91026
-71420
6234
27060
-39741
10031
65807
72843
17992
-20744
10408
11626
96683
98612
50555
-7071
45991
-41680
-25117
21912
53208
-76763
88186
-73918
65276
39137
-37095
-13237
-4114
-88218
-34237
78855
-72901
-99975
-35066
62943
30599
10453
80744
-3982
74933
71113
76685
45547
-87541
-22208
67139
64126
-57794
77989
-20182
-28740
-39760
-6975
37538
50475
-14827
-81407
-95811
36875
-69553
83070
14419
48498
3114
-73053
96787
28266
49045
29394
81717
-47702
-86666
-69229
-63986
-9659
92923
43807
-82630
77343
-47236
58197
-50730
-57509
44927
82507
91071
96684
75352
-59289
7250
-85373
-32553
82658
-16032
59806
84806
-22853
-99516
-13073
-10438
-19757
-16597
-16449
23803
56228
-83506
88398
20953
33465
-97143
16933
-26803
-85299
75107
-88862
-52013
3096
2273
52672
-87007
-23895
23328
-41483
-95683
-86443
15648
-54191
76535
-10742
-66492
2513
-96880
-76604
-19964
41943
-28417
91747
25671
50550
9838
-21982
-50388
42637
61354
-18801
44396
69550
37793
29605
14621
-93612
44793
-59695
66371
-83826
11386
50448
-54344
27801
-48240
22647
13527
-10
-90130
-3053
33796
-65199
-15047
66872
39521
-52524
-27213
-24290
79846
48123
-92422
-19559
83332
-50723
-58774
-54612
79545
9200
21342
-17390
-23019
-85780
-17463
-11585
-20460
-54872
90874
-35928
16332
-19174
-23231
19397
14257
-69827
74801
-58799
-44359
-65568
12833
-42832
36056
-84417
73341
-56502
7116
84602
79677
58256
-39464
-40495
22971
53646
-19396
-35256
-2493
64014
-93474
66108
70211
-3428
-11915
-13812
62079
55477
-69878
47264
-78298
10449
-49079
-26426
77106
-12092
-25908
88952
61007
2387
-42063
-74622
-99156
-7023
-56165
527
15363
71413
59947
-35763
-48593
61807
42509
19016
-67579
-88345
18239
-40596
-11734
-41593
15586
4722
-34081
72187
-2405
14471
46063
-49436
16492
-37802
31503
74249
71473
66905
71869
-48940
-66664
21719
4793
-62609
98270
52595
-88592
-42209
28037
85896
-95222
-31234
70656
63870
29777
-94753
91118
-72416
-59276
-5775
28889
12678
29071
99049
-92100
-83880
-42579
80207
59930
-41101
-16520
31360
-48863
28647
36633
-8655
68040
-17652
90428
-45544
-3720
-90099
-94381
-6482
25186
85219
2822
26170
76643
-68513
14476
1485
-96112
-31364
13710
-81082
-78287
-57743
37762
-66346
43640
99247
89439
-84257
58531
-20128
-35212
98174
-30565
8184
-39868
-85945
-9790
80911
91551
16628
-45869
17103
1706
84415
22717
35442
99183
-8715
-78549
32358
44189
37860
-24858
88455
4431
48984
-90286
-52778
15730
4324
32514
-61888
-72696
-3681
77047
86539
24189
13718
-47299
-89292
-97131
13171
-62264
33575
-38184
13460
68662
-51557
-6210
-86668
-51460
-63699
54781
56979
-2614
-77407
-48050
-70063
-79159
67718
-23761
-98036
-89463
40238
-58200
-30071
-80297
2922
-51260
-39111
13257
94886
-56912
42111
1061
2760
-18952
-11344
-6280
-41188
-83804
-71512
1265
21994
56944
69024
-57989
-33383
5992
9246
61688
-56355
-4547
-35665
8539
-42510
49490
-83946
74106
40930
87449
-74944
-96235
-85855
-3960
-83303
91326
-70170
18238
11906
29498
-20263
-16242
17243
90548
699
46597
61018
-2483
76471
1788
-4001
12458
15104
88723
-14469
79809
21268
-73957
80532
-59061
23899
-61158
-24666
97310
74044
-74072
-49354
18184
613
79090
-58507
-21461
-41434
-68288
-15850
-27529
-25805
-24794
-75245
15122
68352
-73307
-62994
10877
69738
11993
-47200
-45496
-51987
-73599
7954
53952
88861
7810
71440
-39075
-45071
12875
-58273
-74593
51770
76405
-44227
75286
-126
-19974
-93708
-63066
12585
-93907
-28336
61887
-40244
-30850
-79450
-74357
-66005
-4093
-14839
-33461
49711
-55538
-40347
-51374
13549
-62675
85399
-75651
8874
-60008
-97515
88012
44169
61903
-32882
-906
-81240
-23108
-93085
2532
-25927
62673
86613
17881
90657
-45884
29729
64981
45462
-34715
23758
-79257
-85329
96183
40416
-46247
69256
-92931
-25747
76789
-30405
-39815
-51423
58068
-9194
-67795
-91371
22511
38799
50495
16672
79833
-89831
-44640
-69508
-53486
-21368
-23055
29315
37613
-19069
-63653
29782
-49696
27961
70922
-70568
5210
59419
-73746
79336
-68125
99205
-75064
-72007
-43191
-77691
-31421
94381
63869
-30061
33643
29630
41204
-73792
-42394
50190
-13248
-25354
-44492
-17593
57227
-94190
31750
-90796
-73406
-98339
68599
28707
-74936
17480
67875
-22341
-66498
82516
34705
-46274
88463
8436
75815
-63887
-28920
49390
-24830
53392
3684
18706
60
-916
46002
71216
50616
-56013
-76736
-46766
87077
-97607
-90664
63007
88783
42401
-73012
4791
-21635
23813
60492
-24003
1143
-4757
-52505
53985
90395
54682
36550
99918
-52468
-6997
-81494
-67187
6331
27718
-5359
-42850
-59830
-95747
-663
33232
-13709
-60955
-98742
96649
-59946
51690
-41065
-44934
-71186
42429
26410
23758
-26910
48052
-8565
-9549
41378
-69699
-63591
15327
38372
72175
32093
40405
-83209
66055
6758
-17775
-41695
-62620
-91400
21556
-77817
-26197
-54349
-31510
-75550
-21506
-47618
21740
-62462
35936
98398
-53819
-69970
86411
93855
43053
-34498
60410
-59701
-11810
46732
24608
-1348
-18091
-72416
-12876
76678
26595
-7170
-33013
40419
-5580
-57543
-51287
-94192
29237
47672
-75193
-31377
8749
-18124
58090
23475
85492
-57861
77733
57525
86841
-26864
-74764
68689
71825
99726
45450
49372
96490
-85135
-55397
14601
-37377
-89444
-32127
1555
-26683
22212
-30750
-445
12615
18511
44487
9064
45688
49837
-81327
-9059
68560
-39433
21964
36267
47142
-17573
-88633
-42783
3092
42716
7790
-42237
24589
28706
-60178
-61234
89781
98800
-58039
56059
32061
-51429
72926
57826
-3195
-9412
-48001
-33644
-6007
47055
70589
34707
-11664
-32357
36202
-54087
24038
-49232
92418
89552
24897
-76146
7448
-89472
-31293
3139
25964
22284
29469
39036
-82301
-82135
91376
3155
-8933
-61840
90610
41081
36487
13347
-37626
48327
-42494
-60493
-60426
-57151
54391
15688
-58753
52723
-40356
73301
-25412
-38093
95183
39037
58569
-10043
-16684
-75932
-34894
62380
-5740
25554
-77416
87119
46863
-57750
73807
89836
9312
-4263
44128
-52996
18282
-73084
85296
56791
88329
40408
-56935
89126
-46362
-90698
34598
52505
-79885
81438
-19599
-36082
59212
-44463
-60199
-33233
99992
-37395
-31336
94715
-55273
89201
-99527
-35731
-68314
50124
-68226
5139
-85082
61247
75501
75310
-42471
24005
48854
-31359
-73860
-31793
-89032
44625
19798
-66227
30540
-38775
24025
-80636
30092
98713
-73454
-99571
15349
-38663
-47790
60954
8139
-73929
16581
39698
58790
-61337
-74497
-33178
38190
4496
-37775
-29250
-13666
-9064
44724
30379
34461
-172
3364
-5060
59833
-12944
48099
90905
-58710
-66148
-90569
-82042
44072
56756
8858
-40554
-11036
9019
-70542
-91806
76478
-28950
-84830
-44624
-73974
44738
89994
-98510
48310
-62730
-23873
-15549
-92224
-15122
-84641
-3512
15588
-34322
-35213
-25022
23278
92026
60355
37380
-55602
67632
-95276
-92306
57102
-79958
66214
-6266
-47754
39834
-22552
-98158
1946
-85751
-73607
-72029
20284
14304
-99933
-77038
85432
84810
65122
41442
-89825
35982
84733
-39194
2233
95949
-56342
-80269
2246
30027
-67888
-65462
48713
-39414
46843
-8721
-20293
-67740
-14523
20046
-55588
-82629
-88271
84275
79233
-25461
42728
23087
-52188
-82044
-58952
44041
93607
-98666
76069
88863
-55481
44225
51712
46187
69682
45125
7966
-83539
4638
18245
-16700
58272
-74742
-16129
-16694
-18922
-20023
-48812
5867
-76260
-67306
35296
-37548
-79740
65365
-54847
88969
71671
-77192
-62597
39922
41331
-76775
18521
-58798
-17278
33926
-16439
-43837
-14326
-19886
68412
9544
80364
31736
31413
-94771
-40762
-79334
45979
-13489
80839
-32399
-67339
85693
-25228
-5539
32194
95262
-94148
-19070
-80610
30316
61128
-82314
-18413
55614
-74948
-1406
-7906
35182
85467
-24739
-14549
68173
77440
60170
50043
-60821
-63870
27988
-29409
97225
86411
92899
-31250
-27746
83466
62073
25732
2829
27615
-68934
35526
-69240
9274
36820
70612
-71796
-88345
92683
6684
6253
-24828
-7858
67428
30695
-18400
-29207
-41546
34892
45709
-1721
-53105
66838
55857
51516
-49953
14140
55196
90981
27562
-44920
-31428
40854
-8819
-40575
1997
50208
62579
-52617
-71263
10441
-28410
-13187
-49123
44469
-24071
-91779
-28529
14393
19479
35663
79578
-28022
57657
18266
19809
73568
-92002
40246
-50005
-18134
-56929
-66628
54129
-65459
9824
63244
-88172
-15937
88787
-43434
32396
94097
74638
-44525
45081
99055
17395
-1474
96388
-3371
91657
-48498
7296
-4663
-75973
-90694
38915
-37600
-2715
28874
92460
-72170
34465
95836
6305
-71347
20295
-58627
-77265
-86631
7134
64057
-34345
-58613
-49183
-23107
164
-59902
-19117
69634
94493
61898
71233
-73337
-32398
-3248
4509
-85754
57365
44480
-91451
-34861
-46975
87687
-20985
-15838
9970
-40103
14422
7031
54343
1804
79701
-80977
15171
-88155
-18584
99548
-29680
62144
37519
39992
-88801
67819
-40440
-28697
32288
81532
478
401
-71620
-36368
10659
-87812
60485
-35340
79824
76495
-11769
42082
83028
56198
-2952
94519
-98019
53987
-20668
54357
-97331
-75376
-70043
30886
-83360
-8382
-61795
94141
68750
-17586
76291
85421
99453
-35961
-5964
-94717
-25088
-27713
-96329
-3393
6200
-94729
81128
-24096
-49514
67497
-71759
-62827
17376
-2409
-5639
-80821
-14645
37182
-28908
78704
-67281
-10349
43164
-99933
64773
-62692
30174
-877
60931
-88822
-77060
-16874
-58055
91563
85856
-21117
17720
-67357
81530
70304
-15176
-99927
44300
-29604
85690
-46190
-81580
-27870
82806
-53160
68244
-76971
55079
-8789
35083
29099
-50755
79922
-27641
79123
-577
-56030
13652
-25702
55190
-79945
-52720
-39099
67797
98905
-96957
-83867
-84442
-10471
66180
28917
10413
57808
48498
93182
-12388
-20965
69761
67603
-41570
-29839
12051
99889
-62772
29602
56492
67241
29607
-17464
93679
57327
68516
-62250
72620
21016
-41702
-62858
66417
-94543
79867
55509
-48024
11841
-98353
67418
-64866
62516
32376
-28352
22442
23559
5428
54948
36652
47247
37139
71181
-65461
23125
-73331
-37689
-62411
-19970
46731
9660
79293
-40544
71749
86912
15588
32210
-4941
-26679
85680
-22660
15096
99371
-24966
80542
86085
-52490
75800
30930
61286
45821
-51060
-74067
-40513
-8748
-28032
31191
-11746
-22254
-95949
76355
1742
19673
44708
72816
47337
-2712
-77459
12077
17727
-67375
17372
30248
-34698
-73462
-25303
88879
61236
-39928
79321
-96936
-84598
-28324
64407
2099
49402
19117
43096
-14491
-6538
-3276
-5474
-16556
94251
-39173
-42971
47555
-43261
57609
76129
-70094
-24212
-41430
79758
-72892
6942
2886
-95519
-34145
-2513
48428
-94653
-10072
26426
-66727
57242
-8943
37502
-96380
-88645
-16321
43478
4443
11553
-18379
-1234
-7843
-68915
-16213
-19535
-88728
-45474
-89117
33068
23221
49149
-91867
99362
-61639
-4642
88648
10878
-40324
-90462
-41328
-26303
-2973
-96057
60607
-39653
88336
-57329
27338
81140
-84747
-27
42076
19797
67017
-86625
59943
-35699
-52676
-92378
-35309
72467
-72012
-95948
-84331
-82949
87299
-67641
-33611
-73523
-27588
69688
-7294
-824
-91562
-59360
97884
90400
-30132
10120
70946
-29905
55536
-534
-53771
39389
-22007
58210
3916
79844
-38085
52836
-98275
95464
97565
72845
-78880
-92426
-23830
86831
-23144
-53592
-42538
-912
57849
-83608
77236
-32552
89361
7949
11151
-10279
28641
-9079
76735
-48794
-58560
-40654
94937
-72421
-41975
20932
75105
-25989
50027
-86999
5060
-66753
-79239
64028
-41922
-93825
-22965
-66578
56186
-97358
21989
-42407
63872
-41696
12450
90028
52684
63825
96611
7648
34344
69422
23635
-28759
70417
-55149
-90316
40209
-8794
-401
-42640
39744
12562
7394
49503
-97068
-1303
80071
85878
-96439
-39474
-45748
25549
9307
76721
35535
46468
-76763
21644
47634
-73955
33613
-73726
10848
-30293
54642
-84407
82861
34230
67539
57539
3593
-93062
87183
-22554
-85094
20557
-88891
50044
-43190
-15741
71056
-25037
15103
-37368
29657
35642
-94035
75721
4382
-16
-56971
1322
-775
21679
4190
-24034
42536
61003
22590
57223
-14170
-86174
-338
58434
-60208
58649
-30416
90060
30911
29245
-24909
-13501
-42363
-81212
-69430
97736
-48217
62835
-26242
45215
74425
60608
97929
98014
84354
-93590
75312
95688
22710
-93448
89811
33122
-31482
-2186
-42262
-12548
74450
22445
-83422
73823
-93408
13390
7996
54932
-11864
60698
-22183
-59348
30624
51628
-18579
-32640
-27710
25707
89250
90755
-21468
15229
-13593
91336
33754
-27480
-83852
-96802
53461
-31452
76727
-76994
120
-73104
-61090
38999
24777
92504
-24123
-55960
-54242
43274
-26645
81552
-37043
71104
797
26211
86295
99358
38509
-16205
60579
22522
22088
-76112
2234
-28659
-89542
96325
41733
-23296
49713
24233
-93175
87298
52181
27223
82925
87301
-89018
73709
43084
-18696
-94475
-92826
-38140
-94055
91416
-49016
41379
-8752
27829
-60404
-47551
6772
-42869
-35979
-84654
-93877
-63114
83354
-85754
-11736
-2270
-29109
-22631
75505
-84947
-19095
-1214
81883
84583
-77913
-45241
54562
-4597
64335
14090
-30672
28213
15926
52649
72003
-75308
85820
11291
-74130
-74141
20953
-40161
26413
1185
-89794
-39309
-89652
35338
-13745
9640
-54559
-94212
-37542
-44857
-47159
-43946
-44710
14376
-29987
-99644
59120
67900
82719
-56875
33600
-48493
-36901
-82851
-80826
31793
24343
52690
63777
-86421
-43693
39999
-15085
9947
-93920
64544
80059
-30459
-55090
48817
29321
-74517
-52699
2782
6537
73861
86733
-57547
74580
-27384
-24386
-81607
-30900
30896
-78254
56084
-99440
-38921
-91799
-31140
99781
-13718
37609
-28622
-45348
77223
24743
-41616
-19356
-12440
34397
50231
29378
27003
2651
837
-48075
-33408
-93740
-4887
65821
-55230
-82887
49982
65171
-15832
-38158
11996
5559
36291
-31072
43605
97573
-46022
-90315
50166
51936
40108
-37541
45632
99979
31145
15116
41830
60953
-10762
95987
-51375
-99568
-93908
-26768
-81044
-83084
78263
76967
98058
46623
-96349
1783
-54345
14326
-60624
-28409
60255
-89819
16302
799
86690
52355
46051
66196
49144
6241
46377
85136
41351
30921
-79917
-67989
45634
-24653
67577
-28682
58838
43382
-57297
66179
-68471
84901
-9202
6657
34403
75703
44348
-39881
-25798
79738
-59581
32312
-2368
43343
34812
-48636
87240
93326
99484
-25087
62297
78853
51028
97472
-96180
-74601
46333
49119
-83419
-23110
-38887
-11370
-41544
-47744
66420
-50738
-84554
-95753
-4374
84723
-52063
9744
-45365
86833
-70525
98692
22833
-70371
-97785
-33764
-4639
66665
-75138
-86624
35081
37932
-54804
31996
-5195
-98554
6598
24948
86292
-4516
-92091
54171
72101
-83435
74448
-144
-68197
-42337
46099
23613
-27206
-65874
