3194
1766
-4249
4276
-8600
-2654
-2610
-4865
-2863
-3642
1837
5662
7879
3921
-1677
5276
764
-1726
-1232
-4898
2536
6140
357
8411
6370
-7098
5736
5645
6599
1360
8549
3587
3402
-7760
-429
8214
-4180
-8155
5486
-4696
5428
7312
-9481
-3904
-5586
1024
6795
-8321
-4074
5380
7751
4794
-2497
2677
-5340
1820
-8843
-653
-8062
-6139
1030
-1737
7265
3360
-8237
3312
-8397
8633
-6014
9718
-4362
-6617
2238
-4438
9892
7086
5105
-4993
-1112
5997
-8913
3930
7122
-2790
-9387
-8414
6609
106
2896
9835
-2056
-939
6393
6672
282
-9286
3796
-9347
2265
-7494
1996
-9721
-5650
2586
-3613
-5605
-4681
-2823
-2518
7250
2174
-6604
-9605
673
6954
997
-2482
368
9622
-9396
-9698
-2758
-3785
-333
-1811
2861
4312
335
8088
-7173
-3763
6930
6604
2235
-3569
7349
5761
6884
-7936
-1446
-2020
7591
-5139
3968
-8783
-5392
-8278
6424
2260
-423
6405
-478
-3194
-9943
-6715
-8038
-2255
1170
-1723
-9914
1661
-4698
-708
-8175
-7097
2857
-5436
6867
-9204
-310
-2798
7184
9058
5717
-9358
-6885
-7578
-5710
-9771
-5740
-9900
-7625
1117
6711
8333
561
-1769
6787
-4081
7844
5553
6697
-3346
-1661
132
4431
288
-9859
8167
5518
815
-6675
5110
2518
9899
9898
-6903
2890
1524
-2148
3827
-8065
-3215
5668
1588
5033
-6323
-4681
7180
-8168
-1625
4106
996
-2778
-1373
8180
-286
2684
-1754
-169
5661
9393
1623
7423
-6757
-2776
6091
7971
8873
-7574
6997
-8714
1822
-8108
681
-8819
-5846
9221
-6308
-7434
3723
7145
-9256
-2284
-2021
-8317
3197
-837
-5145
-7214
-7132
9892
-2426
-8653
9335
8296
5640
-7273
5883
656
-6660
4853
3848
-142
-7658
-1716
6653
9029
-2122
-2476
-4187
-3638
-3033
6549
-9644
7854
-5420
-247
1989
-942
-8190
3558
-1971
2693
24
-7709
7878
-2807
1991
-8726
3964
6832
294
-8515
1188
-9219
-3392
-2917
-2110
1780
8786
138
-4186
3885
7633
-5243
7136
7158
-2227
3223
9350
3620
6898
-247
9474
-7574
6629
-2110
7293
-7559
-2327
4951
5250
1920
-6688
8983
-1580
-9436
-4381
-8433
-2544
6639
4596
-4207
-5171
-2113
-5720
8441
2213
8111
8574
-5316
-3653
4216
-748
8568
6783
1171
3724
6821
-1504
5058
-146
1292
3544
3300
-3173
9184
-2854
-4437
-4506
-300
-3732
2886
-9355
8874
2183
-2023
-6
4768
1432
1055
-5014
-2518
-9340
-697
-9427
-8713
-7463
3111
-4683
7190
-6529
749
-1885
7204
6689
-610
2641
-9846
9577
1276
-7167
-5779
8647
-5476
-8573
5659
7612
8424
-3315
-8420
8871
5611
-5084
-4035
-1090
5456
2584
647
-465
7537
3195
-9778
-6872
-5366
-175
4493
7684
2743
-9030
6612
3135
2683
-1517
-2349
-9254
-6395
2014
9516
-5297
3842
-5540
2204
-8828
-7441
-3095
-5839
-1043
7911
-1335
4129
-5841
7835
-3974
5610
7734
-1851
-4447
-1209
-7047
3565
-2274
-8007
-6857
-3680
-8043
8604
-7732
3284
5380
1183
-4464
7750
739
1999
-9181
6845
-908
5460
-2589
-9012
-5957
-9993
-1288
3489
-5251
-162
-8103
-3809
8293
5646
-8683
7835
8352
6248
-1808
-7885
3899
204
-2996
8851
-9140
6336
-3862
9226
817
5495
-462
-6026
-3654
-2426
-8610
456
7051
7421
-2168
-2921
-3357
-9109
-3199
-2864
2882
1573
9176
-787
3398
1696
4592
9742
1718
3954
-7631
8878
-9986
54
-5868
-4793
954
7943
699
-1326
-9925
-8067
3585
-2022
7065
-4030
-1119
-3140
8185
-9079
-1348
5064
-5449
5863
-2784
-2720
-5067
999
8006
7181
-7835
-4939
6801
-7064
9745
121
5277
-1742
-1362
-1220
86
-823
8705
3613
-2732
-7979
-6850
37
3728
4101
-4487
1354
2000
-8525
-6597
8260
7880
-1093
-2646
-9598
-3712
4771
-3655
7457
-4857
2941
2404
2092
-7487
-1816
154
-3221
-6806
1490
-8523
801
2495
9123
-4464
3095
3027
4936
5037
-520
2079
5551
-7613
-7585
7572
-6233
-9979
-9920
-7250
-1574
-9398
9309
-8916
-3183
6641
-5633
7950
-6403
8402
-9993
2672
-5703
-3755
4843
-6031
-9141
-4430
6341
664
-6565
6818
3973
-3146
-4445
-4016
-2971
6875
5703
-9192
7891
2098
-2887
5588
-9196
9939
5980
-1101
3145
9850
3330
-7456
-5602
2338
96
-1452
6359
5127
7148
8242
-8336
3621
-9951
-4142
306
1884
-6439
2015
5868
-2496
6252
-4974
-3366
-5630
-5460
-9075
5969
924
-4175
1332
1499
-5575
-7439
-6267
1544
4183
-5141
-9936
2300
7444
3346
-4180
-7191
-5336
-9154
8484
6547
-329
-1222
-4328
1926
1102
-8031
5170
1292
-993
7937
-4805
5839
-328
-3393
-3615
-3389
1846
5792
-945
4686
7455
-7115
-7772
-1045
8933
9929
-6489
-2006
9187
-8315
-9489
-418
3180
8737
2741
-9221
405
4151
-238
8537
-5780
1473
7811
6985
9747
-9062
1535
7524
-2181
2186
-278
9231
5191
-4302
-680
-6704
2550
5710
9968
-8724
9333
2222
1426
-6188
-6081
6664
-2805
-8139
-5081
2513
6176
-4104
1856
-7712
-351
3364
-2079
-7802
5396
-3078
6180
2280
-6131
6433
-4702
-220
6490
3216
-8363
-742
9337
-7052
-5003
-1694
-3318
-6285
-6727
3795
9824
-9404
6724
7813
4188
-7742
1966
5242
-2923
-5593
4120
4167
-797
-7472
-4037
7415
-1703
-1834
2779
-560
2979
-4513
-456
8861
-7889
-301
-6465
-9532
6472
8785
-7447
9924
8704
-5125
-5589
4385
-9832
887
5563
-3291
9814
2740
2127
-8121
-5447
-6292
7493
1809
9639
-5362
-7149
954
7509
-3466
-2075
4448
3957
-1152
2641
-3551
7201
-1460
-8040
-3186
1374
-9591
5504
5264
8149
-598
-3801
6660
-8963
2907
-1353
9386
-2212
7224
3524
-5807
114
-6550
-3491
4293
1102
-6793
-349
-2836
-1594
9257
2595
-191
-3043
-3321
-5037
6044
-1153
-740
-9704
2537
3622
-8080
3328
-5076
-8570
9816
-7937
8154
-7827
-3984
9276
-8143
317
4554
5354
-8095
-3817
-8638
-8468
-1182
1855
-2784
2165
-8940
-5061
356
-3615
3045
5125
-5033
-2504
-7420
-4210
-6816
-7078
-1487
-1093
-7504
8463
-7906
1665
4461
-3807
-305
5705
8209
-3074
8738
-150
-9475
-7791
4123
2924
967
3626
1295
-3116
2366
8931
6019
-731
-2230
9462
8039
1159
8672
9538
2895
9616
5042
3209
-7337
-1680
-1811
-5793
1394
4655
-6783
1388
-1988
-6820
-7840
-7768
-6688
-4068
7346
5540
-3430
616
7662
-2705
6803
-9752
6451
-2729
1012
8260
3070
8267
3818
-2618
8866
-538
-9184
439
6580
2887
-1628
7237
4997
74
-6686
3556
7366
-160
8241
-3032
838
-2236
3734
-372
-9264
-6831
7896
-3162
-9789
-5995
-9963
-6166
-3777
-6844
-5833
-2860
1975
-4345
-5976
-2984
-2627
-841
-3550
-9295
-5478
4515
-1483
7047
-7061
7885
4493
-597
-526
-3698
-3706
-7120
-2024
6196
-639
-4661
1566
8932
3820
-619
-4920
-6199
3493
-5895
-9948
7464
52
-4161
832
6218
-5000
-2828
-9465
-1217
-9334
5385
7555
-5798
-2343
7402
-9337
-3802
9164
-3947
6501
225
1784
-7567
-7495
-6759
-9590
-2422
-481
-856
-355
1715
3771
6772
4174
-374
-3549
3470
-9130
-973
-152
5247
-4711
4065
3577
5091
2002
5734
8238
-1958
-9754
-4767
3320
7954
3381
39
8898
3322
-8528
-6104
8166
-589
-4302
-8457
-1861
-5318
4897
-5704
-1336
-9568
-5377
-9107
-5674
4570
-9474
-7996
6834
-6694
6550
7292
9376
6684
8754
-4163
5923
5674
7565
-5620
-7845
-6764
4365
236
-7561
3604
-1732
-2736
588
5652
-8932
-4626
-5519
-5767
-5922
-7767
-6976
6439
-3207
2576
-9173
-4194
8161
9197
-8715
-5547
9907
4783
-9910
9674
-5131
-4324
-3921
4484
3699
6842
-7779
-8739
-8691
-1115
-596
5054
-8149
7500
-7348
-6874
-4193
-5657
1329
-9435
3064
7457
-4625
2625
-3677
8792
1887
-9456
-2392
1188
6097
-871
4060
6898
3996
9618
-9135
-3349
-1929
-5720
-9984
2930
8452
2283
9805
-3054
-8004
-8655
-2161
-1955
171
1737
1196
-3479
-4179
7105
6107
-1764
4824
-8822
5609
7082
3599
8058
-997
-8143
-7307
9290
4111
9274
-4596
9079
-2707
-2945
1061
2256
-4993
-7913
7758
870
-1846
2093
-6064
2192
-9051
5110
4541
-2668
7026
3246
-2307
-3425
7353
5102
-5237
-9644
-4927
-6220
-8555
-6291
6839
4243
7870
-3383
-6250
6905
606
5858
-1716
-6033
6585
9496
-5732
8484
-3844
3840
-7766
-7970
-9046
-8887
7581
7832
8021
-1092
-5576
5723
9818
-6205
2616
-6340
-807
-9854
-7404
-7658
7677
-4066
9814
1388
7176
-8007
5524
-2776
9713
-4971
-6265
2722
2296
4810
3934
-392
5065
9875
7569
4950
8040
-7069
-7575
-5549
9770
3890
-896
-5771
-8472
9684
-1243
-560
2119
-3993
4901
2233
4469
4458
-7805
9701
1208
8808
3361
-9001
2288
3310
-9610
-918
1701
-4084
-775
9608
-4051
3734
8298
-6423
6315
7684
2561
-3876
-9905
1688
3522
-9369
667
2895
-9745
-422
-8421
8047
-3056
-7586
-3442
-7115
-6032
-9161
2795
-2674
5148
7526
183
7543
-5648
2095
-7995
-5551
2458
-8145
7302
4901
-6209
-9578
4422
-6047
2097
5428
-9339
-6512
-6598
7361
9058
-5541
5429
-2672
464
7211
-505
-9428
-5569
-6490
1742
-5651
1965
-3944
-8941
-793
-8226
-5315
6555
-6639
3932
8795
-371
-6694
5087
9483
4902
2819
6061
6089
8959
6650
-2742
-4878
-2611
3062
5534
-5323
5004
9169
-9363
-7608
-6798
6564
-5705
-9119
9433
-4356
-3109
1738
7106
2745
-6708
1041
-2096
9812
-5717
3119
-5136
-6316
4107
4510
7713
6271
1843
2415
3103
5686
7489
-6530
2642
189
194
-6737
1233
-7231
108
-2348
1701
-6449
9221
-3445
2079
-6252
-5496
4899
6771
918
-1540
-302
-8361
-1360
3072
6137
9787
9234
-3673
3048
-7834
9729
-6478
-8037
4581
-3914
-7578
9299
-2511
2186
910
1571
9384
8596
-2588
-9201
7580
1045
5287
7576
-3161
3536
9854
7533
9492
-8005
-7590
-8205
-4132
-6591
-8807
7715
-3939
2357
-8035
-6229
4466
-8264
-5543
-7677
-4804
9245
9822
398
3793
2142
5156
3983
3585
-7090
-3461
3564
8110
-7688
-9533
-2178
201
-8962
-1124
9240
7827
-7600
-6390
3067
-2995
9509
991
6516
9765
5208
2009
-5855
9332
-8807
-4547
1713
9575
3300
1231
9169
2795
4056
8521
4862
-9089
7156
-9182
-2694
5624
-4694
-9229
-7766
-9991
-464
-8003
-3625
6279
5266
-4267
4313
7925
3609
1253
-8748
3121
7334
6378
3088
-2612
-7598
-755
8353
-7671
4427
-8835
345
-7901
5314
-3872
-6600
9242
1416
4607
5994
-9158
9921
-7653
1919
-7992
2227
-9393
-7640
3516
4828
6946
-7531
-9037
1178
-3472
-7086
4638
-2015
2805
972
6591
3617
-8710
-1710
9868
-9366
-1842
-2376
3371
-3395
3601
-8341
-6222
9561
4418
6153
6474
7629
310
-1721
-2503
1958
3237
6577
-9218
3415
-2579
2077
-6966
2503
-5595
541
-5995
9964
-9199
7130
7904
-1359
745
-3444
2075
9718
-4298
8739
26
-1748
-4199
8785
-2653
8241
800
-7598
-9597
1821
-3792
6583
-8431
-7911
-4509
-6948
8561
7448
5227
-4482
6601
7659
9854
7639
7526
-6687
7662
8561
-4657
9087
-6288
-798
-9869
-3948
5365
1559
8355
-9651
-1789
-2166
-5018
8515
-9119
-7285
5019
-6955
-9684
5571
6458
-9884
6436
587
-9970
5694
36
5149
-6609
9169
3549
3794
7751
6112
7902
-8335
-7305
8957
-3294
-230
8108
8689
9
2476
3866
-4655
-9973
-9148
2460
2533
2059
-6929
5006
-3718
3889
-7344
-2070
4723
1922
3997
7349
-8300
7874
-6117
2289
7734
3214
2486
609
-1471
-7780
8675
1515
5060
5735
-4114
1454
-9913
8528
9275
6130
-4910
6821
1118
2704
-9553
-4497
2063
1559
5388
-5997
-8078
-1358
-1197
7147
-7492
7705
1815
-1867
-505
9118
-1577
-9858
4653
-1135
-1384
-1792
-7907
-8505
8635
2434
9611
-3944
-6956
6455
-4530
-1269
-3824
-5858
5175
2626
6203
-6412
-1088
-2424
-1120
6066
7235
-1042
-9059
-217
3552
-5441
-9057
-3585
9545
2078
8265
-610
3385
2181
3423
3161
-2445
-8506
5010
724
-2740
1606
-5776
9945
2098
-3088
1315
3008
5351
5232
-5274
381
-9929
-1443
5314
7964
4018
9806
6000
-1285
-2860
-7884
-7508
8668
4312
4332
2036
-5141
8809
7682
-8839
9052
-3178
299
-6478
64
-7361
-9264
377
3064
-1419
7684
9543
1390
-5681
-7985
5767
-8154
6556
45
2324
-2035
-1971
4525
-9760
-9609
-6655
-2695
8465
549
-666
3795
-8888
-7635
6889
8517
-238
6594
3961
448
-1466
-3633
-1865
1855
-6761
-8368
3724
-3432
3740
-9102
-1712
-4032
-3572
8577
-4002
-6126
-482
5011
7383
3235
-4725
-1459
-1918
6273
-8920
9823
-947
-7261
-2899
-3302
-8504
-6874
4592
3827
-7021
1060
0
-157
2864
-1039
7854
-3262
3186
-5937
4724
6929
-9730
-1974
-2105
-1047
-3018
-612
4318
862
4106
3542
-5081
3243
-911
-5992
-7702
6516
3444
5390
-9616
8152
-4406
1355
-9034
1671
-2475
-2155
-56
1761
-2703
-4657
-4981
-4485
1459
-7774
-7778
2374
-9257
-2376
4996
-4472
-8301
9399
5324
4129
1018
6095
761
1464
-7016
-4463
8540
-4530
-2587
-7187
9237
-6345
-6279
6631
-3481
-4686
9264
-1507
-8677
6370
-5926
2513
-3072
-7020
1503
7399
7429
5596
-4090
3291
-4283
-7812
9692
5180
6696
-4216
-8220
6176
883
3967
3007
9569
-14
-8948
608
3704
-552
-6430
7608
-8591
7562
4466
-293
7764
8792
-8080
6257
6006
-1850
1694
4176
-339
4675
-1746
-7454
-5976
-3446
-3296
485
6099
-6070
7196
-4756
-20
-2273
-6777
3782
9134
-7964
-4327
-4164
4497
-7902
4659
-1088
8255
-3661
6686
-8754
-6615
-7040
-1424
-5487
5760
-7378
2557
9200
4013
5783
7213
152
-625
-7442
-2856
7578
6587
-9108
7217
-4746
4881
-6237
-7754
5074
3417
9
3552
2751
2990
6221
-743
5861
-7857
-6164
-6072
-6780
169
7283
7376
-3501
6607
9629
-7896
3617
-4296
6301
2900
656
-2397
5534
-6427
2496
-4656
4988
-9925
-195
8633
-1129
4850
-4881
5590
1705
4776
3807
5016
-7028
-1321
-7259
2690
749
-3321
6476
-4406
5658
6130
3895
717
-877
7372
-6893
-4707
4735
5800
4138
-1963
-3648
6020
4404
-5258
1251
8842
9148
-4882
3050
3170
2825
-3330
-4567
3134
7512
-1671
-9310
-4281
7343
873
-9461
8750
2291
1008
2816
8189
4607
9695
-2415
-8427
9155
7591
5521
5665
4012
-9337
3028
6136
1522
-6251
-6274
1784
-4310
6141
-4412
-2625
-2901
-6047
2354
-7176
2826
4987
-7006
-1340
-3887
-5035
-2307
1267
5449
2286
6494
4962
9363
4747
-305
6087
-9596
-1888
6309
-49
-6100
-2257
919
1453
6375
6410
-5341
4652
1295
8980
8134
-9196
-4840
-1618
3790
5845
-4865
-1233
-6815
1225
-8924
-7617
-3974
-613
1766
-217
-8652
3462
1320
-7319
5671
-9233
9043
-7435
7959
6404
25
2127
-5216
9961
-9847
-2623
2650
5849
2017
1077
-9307
6187
5239
3632
3649
3471
4956
1966
6908
-1664
9734
-2161
7345
-2272
-7267
-9251
-2151
650
-7421
1485
6316
4642
-8890
-4739
-2688
-7056
-1767
8357
-1553
-7025
-9235
4750
-8681
3191
7597
9691
5584
-9623
4890
-6211
-519
8390
-2384
-6486
7262
-3325
1879
9606
-8232
-7483
8188
7882
-5254
9549
-3222
7538
-4015
-9106
5424
-2805
6772
4608
-1795
-7831
-5044
3372
3185
-2603
538
7845
7228
-9413
2288
6504
-297
4732
6532
8144
1864
-1944
-6239
-9985
289
-3141
-6648
-7332
6892
7040
4289
899
-6755
-2046
7196
-6023
721
1343
-3069
4359
-7998
3361
5769
8996
-8061
-9722
-7909
-7705
5105
4083
6652
6043
8722
-2854
1281
-4405
-9861
8097
809
-912
655
1131
-1099
2492
-4886
5508
-8271
3959
-1481
1723
8174
1293
186
5366
-9533
4264
-4193
-6437
-184
-6545
-4129
-5234
7081
-8487
2599
-9699
-5655
3386
957
-2788
-8635
-8308
-4585
-342
2415
3148
-3039
-3243
4171
3182
-670
-9876
-4340
-4393
5159
-1715
-3191
9648
-4344
-6455
-7750
7703
1657
6679
-7863
-6526
51
-5061
-7937
-1610
-9718
8154
-330
4397
4907
-2781
-7115
-6456
-6304
96
1911
7003
-309
-2342
2549
-4435
-5750
762
9878
415
399
7882
-5617
4521
1786
1337
5341
-8849
-5197
7793
3218
-8586
8517
7513
5942
5808
-7349
8639
-627
6877
-9377
-6783
8754
-4799
3763
8762
1188
1356
-9049
-6258
-6537
-9706
-8230
-749
4176
3302
-1659
-4562
9710
2071
845
-3260
-605
-6050
-8882
-1490
7408
9256
6175
-5906
4323
-3319
957
-7901
-1388
6266
4633
3592
630
-4094
-820
-9445
7624
-6953
-5995
-7430
3958
-102
-9843
589
9530
5671
5987
-7293
-5854
-5091
-3970
9655
-5818
3197
7464
5853
3109
2554
-9244
3110
-1022
-2182
-1614
-5003
3676
7337
6256
-5796
5574
-6700
-9145
-396
8259
8120
7599
4562
5119
2542
-3363
-1306
-3635
4410
-1350
-4602
-3457
7126
-9160
-2747
-2926
4394
-9055
-9996
-786
3017
9922
1874
-8792
-6713
-935
3282
-5625
9643
-719
-392
-3067
6864
4496
5856
8322
-5153
5489
8193
-4054
5109
-6839
-1839
-7198
5077
9440
5746
-2004
-8002
1960
-3589
7596
5650
6262
-5247
-908
-6559
9682
-7594
6567
3474
-8996
4479
1494
-5955
-8055
6856
-6953
6443
1580
-7014
-5830
6609
-5610
-6587
-4028
-3296
-1968
-7510
-3726
2355
2416
4740
-8497
970
1658
-2684
289
6608
7083
2163
2709
2469
4868
-1043
6848
-9294
484
-6905
1251
-1104
3085
3398
-2863
6745
873
9484
7553
-6435
-3834
5098
8199
8816
3887
5488
-1429
-3845
6981
-7661
1961
-2684
1638
-6983
1976
-8578
-4573
-5369
-5384
-1824
-7496
2461
8543
-6795
-239
9038
6990
-2643
5628
-3545
-8598
-133
-5215
-3964
9682
-8216
7876
6062
4389
-3687
-9626
8617
6942
1598
-2068
-3406
2697
8277
337
-6440
7563
3167
9060
484
-187
9277
9990
-5038
8698
-931
-5080
8687
-6953
-3695
1081
-8134
4107
-4390
1483
3922
-1272
9528
-4397
6050
8411
-7889
-2761
6708
-4829
-5575
-1600
2387
8680
-449
-4939
-4472
-8505
-6335
-3487
-8438
1099
-2201
2228
-8494
78
-803
9393
-8947
6636
-8435
-7322
-9019
2370
544
5376
-8444
9833
7538
-9004
-900
1359
8226
2241
3568
-2326
-3278
-4373
5130
4022
3023
-336
-4031
1850
-363
-4107
-1199
-2220
4493
-3153
6639
4864
-3019
-7251
6731
8333
782
-2093
-4635
-4210
8377
8550
8195
-8598
-9369
3163
3505
-141
-2546
9353
-9418
-4633
-6994
1976
-6677
6692
-2474
-52
847
-9968
7003
8776
-3265
-1620
4118
-6983
3599
9121
-3454
-9032
-5259
9165
-2570
-9850
7639
-9427
2681
-3164
-5149
4217
-2302
-6839
5431
-4995
-7337
2627
220
-3589
5526
5413
9298
-3034
3634
5813
7484
9817
3114
6655
-9568
-8834
-5723
-6338
-209
-8123
-6775
4797
250
-5522
5457
-498
-4385
5969
-1032
-2359
-6548
9458
6377
-4620
-9204
7916
-6487
3030
-2206
853
-5821
3312
-4982
7912
3752
-6296
5073
3604
-443
-7638
-5492
-1418
9272
883
2512
900
2778
-6988
-125
-1249
227
2319
-4334
-3014
4243
-7794
-9299
8982
610
-3494
4358
-8583
-2587
6461
8387
-795
-1067
1370
8506
8174
9534
-7147
1070
-2687
6738
-35
-9540
207
4465
-2376
-7896
8034
-5309
6362
-1122
8733
1704
854
-3188
5296
-7412
-6000
3145
5449
-2480
-8193
4541
-3438
-6786
-2979
1772
4854
-7637
-1343
-3853
9976
9322
-4591
2417
2082
-2641
-8190
-1102
2423
3592
3920
7935
-7988
8419
9388
-3702
2856
-305
-5048
8679
4778
8268
4791
-7673
2666
9998
-9200
4705
8014
1343
-4717
7441
-6641
-4920
-9230
9014
-9816
-4492
8455
-8507
-5529
-9099
4822
-9248
5688
-9074
-5945
9149
1454
7408
-6095
-1071
7533
-7620
84
-8432
4217
-5732
6288
-2787
6421
2004
1910
1029
445
-5538
1135
707
9222
707
1124
-8461
-6523
4788
-2361
5228
3631
1128
-9348
1013
8627
-2075
-5181
-6283
8184
8026
-9914
-4322
6484
7036
5919
-6833
3924
8526
7615
1067
-4305
-321
-7802
-4498
2053
-2185
9607
-6398
6561
-6383
4223
-7766
-1342
-4456
-9829
-5094
3266
-3614
-2526
4994
4012
-2299
819
3081
7438
4346
8033
9002
-8652
5637
-8532
-9147
-9502
-7483
-5360
-1278
-3829
-1696
-6437
-382
-5592
-3164
-3322
-6000
-5562
4427
-3823
7446
-7269
9295
231
607
-595
-1877
-2976
5073
3633
-9837
-6162
-1343
2805
-4884
-1266
-7428
3406
6576
659
-8638
-8366
3951
-9420
4494
-1801
2300
-4463
-6702
-9068
2220
-4247
-2221
-5971
6679
-4202
-8818
3467
-7739
6595
-6684
7133
5653
-3679
9720
-42
217
-4406
-1698
-9916
3589
3062
-3756
-9098
-6391
2431
-1998
6625
-6479
-5614
9981
5976
7588
7126
-7631
-1897
2342
-9405
9979
4183
-2206
6609
-8379
8689
-4779
8257
-2036
1171
-502
-5017
-3173
2276
-5075
1202
-7667
-7041
-9168
2005
2637
454
4241
3979
393
9401
-9485
-5725
-9979
-6094
7099
-8223
774
-7671
-8502
-663
8582
-4398
6179
9412
8725
4151
-1815
7678
3422
325
2790
2325
1415
-6570
2122
5094
-8881
5860
3046
7616
-3339
-5317
-2801
-7540
1520
-9325
-8114
-9172
2830
-5603
-7827
8445
-152
1087
9791
-3386
7089
-2461
-1236
-5996
7318
-2183
3034
9577
-387
1715
-7974
-6267
6731
-7676
-7101
-548
9996
4216
8943
5578
4771
8140
5511
-5745
6980
407
619
-3510
7746
3074
-3870
5891
9016
-7426
-2114
-9718
-3948
-6303
-8422
-923
-4057
9145
-7597
9022
-5247
-2761
3650
2201
-4254
9203
2203
4702
-6869
-9314
-8113
-8716
8308
960
6747
413
959
-9719
7248
6560
-8426
-6196
-4544
-8531
2810
8690
-6801
-2220
-6389
4528
3949
9023
-4915
-4537
9985
-1381
-9145
-2654
6301
7998
7225
6260
-1800
-8910
-425
1165
8085
-6257
8911
-6672
-200
-8039
1192
279
-8211
3813
2489
7921
-343
8332
8804
-2059
-4310
-512
-6629
6256
2756
6564
1135
7217
-6472
6050
4693
4638
-9984
8270
5444
-3646
-284
9386
-9249
-2249
-4895
953
1752
-7188
650
444
-7655
-3301
6746
1600
-6208
9746
-2617
8588
-2653
-2639
1101
-7668
-5900
-3061
3943
-7836
5184
-9911
-189
-9729
-357
-1433
4276
-5529
-347
2862
-5483
5224
-2190
4072
-795
-9312
-5742
-529
9164
9458
3450
-6992
9209
5739
3458
1902
2410
-1112
9011
-1610
8044
-5735
-1746
-3408
7135
-2146
1831
1593
-4912
-7286
5198
-4209
-3951
6563
8142
2313
-8768
3069
-3217
-4629
2533
9767
-991
-2226
-7830
-2311
2204
5728
1681
-4285
7374
8586
-6762
3406
2761
-6087
3231
3660
3060
6676
7845
-7661
2785
-5304
4988
3965
7816
-1769
-8110
-9358
9636
889
-1334
5324
-8195
3030
-8491
-7338
-8541
-1236
2236
7990
7405
4688
-5542
-3828
2010
-6557
-6511
4114
-7358
-3587
6081
4297
-7760
1519
-7589
9945
2925
-5830
-5254
-2875
-8837
-8031
3599
5550
-5395
476
9360
2102
4093
-2299
-4006
7755
2852
2274
724
1983
1286
6475
7468
7198
-1298
-2971
-2942
8738
-5083
-7483
1926
2254
-5448
9515
-830
4048
1992
5738
3594
-2086
4240
-8883
8947
-1276
2384
-4775
-578
-8184
-8341
2943
9762
-3644
-4700
4246
-4294
-7703
2050
-3022
9863
607
-644
1302
-1846
4767
1811
-7081
-9382
-4793
3154
6474
-5075
-1248
8089
-3072
-9293
-5700
6312
-5910
-5706
-4222
-3362
-2022
-4425
-5714
7743
-4723
7681
9052
-7420
2151
-6998
-8781
4995
8151
8391
-9001
-1479
-5993
1145
-1559
-88
-4801
-2880
-9088
9345
-2622
1863
-6440
-7421
-4009
-7030
-2207
7529
-2356
-6122
3123
-7657
-8637
-8662
1669
-1249
-1757
586
9679
2676
-7725
9407
-163
-3528
-6070
6661
-2936
3626
-7552
9909
-4469
-1591
4230
-4778
-4091
3669
3557
9358
-7764
-3705
-509
-1262
-7325
-8475
-6876
-5759
5288
-9400
9436
-1311
-3304
-3636
4125
-8444
52
9787
-2987
-4020
-3671
-8415
5269
-1485
8185
-4448
7023
-5716
-1132
-336
8351
-6980
-3161
-7096
8900
-6325
-2787
9905
9595
-8989
-3509
3548
2931
2666
-4306
4596
3776
2908
-4033
-9087
-8493
-7226
-5667
-6268
-6730
1657
-311
6748
6321
492
-332
-809
741
8655
-7506
4879
-3623
-6561
7912
8905
2618
6324
1034
8335
-1782
-2219
5480
-838
-3087
-1428
-5148
-5761
-8188
-7045
5514
-515
-7408
-4398
9518
4970
3495
-2705
7039
-1993
-92
3112
6998
5823
3314
572
-4692
-6100
4774
1393
-1115
-9248
8914
-3702
606
-6373
-2486
7331
-6434
-5522
3266
-8726
6743
-4924
-4067
1488
2859
-2443
5006
-4266
5339
-5377
2650
3358
-4676
-4674
-8318
-6051
9527
3562
9893
1857
-938
8429
-7217
66
-2059
4462
2142
7618
9941
9348
9907
5977
-9110
-4662
-5730
-4279
-137
8218
-9970
4874
4931
7106
-2916
1438
-8722
-1486
4376
2760
-5118
-3231
7861
2253
-1416
4957
-6714
-3285
8109
6439
-8125
-5857
-1629
1415
-3068
5586
1815
6290
4796
-162
-855
9126
-1640
-5395
8466
8045
6772
5028
1675
-8026
5293
-2771
2181
-5192
-7641
-1316
8018
1190
7923
-2247
-1204
3483
-5238
-5
9117
-9076
5241
-4001
-9172
-8921
9043
2616
6621
9576
830
2241
-4811
-3085
7606
-6294
-2069
-2963
3059
1150
6262
1385
-4170
5787
-5463
-8644
-658
128
6873
-8883
4528
3752
-1170
-9723
3384
8548
1521
-7041
7549
-3362
8500
3755
-9852
-4124
2783
-927
6547
-5667
5800
-4554
6032
-471
1651
6828
-1861
-6761
3320
-4138
-9997
-8470
493
-3190
-9359
-8795
7995
-3273
7776
8338
2297
7986
9578
8478
-2649
4213
-1510
-6044
-6928
-1994
3179
-9433
9879
3855
9660
6279
4344
8219
-7714
-6940
-2013
-7660
8281
5437
-8455
7726
4971
8272
-7868
7013
-2030
1677
1454
432
1966
75
1499
-2327
7183
-7859
1023
-9025
-317
5877
8554
-7587
-8119
9000
-5428
-4683
8709
-2634
-2184
8706
4378
-9569
2899
6305
-324
8490
-1191
6053
6222
4188
-2669
-9505
-5725
4681
5501
-1732
-5635
-2880
-5333
1437
1085
-8241
-5819
-1657
-2892
-2722
-3108
4199
-4048
-6638
-2757
-1513
7395
3836
-4492
8384
-4512
7150
-6063
-5358
1422
6567
-4220
-3708
-2125
3760
1887
2831
-6292
8398
2513
2540
-3307
7110
-4728
-3425
-9839
8376
-3496
1372
8570
-574
-8284
-9347
-7623
8281
107
-5223
6515
-7174
9090
-1518
-380
-2229
-1560
4369
-9637
-4778
-4027
-8718
2342
801
2554
-3925
4670
5425
6657
8787
6174
2360
2677
459
6322
9376
-7577
-1512
-2518
-7925
1649
-1788
905
426
-3000
-7043
-976
9743
8107
5973
-3667
2465
-9157
466
9777
-7521
-2605
-2248
-3404
1538
-8600
5135
6080
-7199
5235
-979
-5170
9872
9278
7420
6907
9725
-2536
8271
-8184
7447
-3588
-957
-4145
9866
4814
7483
-1734
-9170
1510
-7647
1639
1022
2813
-7051
-7295
4285
5811
4092
-6560
-157
6166
3582
3142
2975
2981
1056
9965
4023
-2876
9197
608
-3426
-2265
2874
721
2429
7801
-8435
617
-4250
-8096
860
-6337
-6575
7834
-2755
7964
-6693
-5894
7162
-2148
-4223
-1861
8899
1893
-1957
-3382
9647
6636
-408
-5228
-899
426
-972
7611
-7562
8125
4452
-3929
2664
-4644
-5682
6152
-865
-7741
9395
-8179
-4965
-6205
8110
7618
-7960
-939
-9002
418
-4465
-2107
3532
3732
8505
-205
-5260
-9781
-9132
2824
-6930
-5857
3538
2519
-430
-2818
163
-3649
9225
-3247
-9414
4801
9846
-2148
7996
8091
-7744
3992
3049
2375
-5150
5694
4985
8329
-2634
7108
-7548
-2874
-4703
-1681
-3247
3313
9618
-6779
-5747
-3309
-5308
-1525
7775
6777
6264
-1082
-8341
8601
5998
6378
6377
-5430
9879
-7665
-4565
-1607
-1401
7339
-8312
-9396
4720
-6265
-6972
-8112
-788
-9839
-5265
3021
-8495
-1933
4230
4381
4748
-4153
2637
3096
7117
-3181
-2668
-5775
-1853
5568
-4152
3622
-8418
5436
-9454
6752
8137
-6612
-101
-3206
6774
-7638
-2611
-4144
-4219
6522
-2615
4138
-2796
-5425
-1442
-2848
7153
-757
-5665
5468
1847
-4684
-8400
6315
-9526
-5133
9659
1745
9450
6948
4967
4360
-3489
7325
-8605
4582
669
1595
-3489
1507
-3369
-2275
8564
6965
1982
-357
-553
7282
4632
-6430
9097
-9278
126
6115
8256
-9600
-9282
4612
-8100
-7008
-3558
-5774
-3940
1645
-7653
-6766
5194
-6173
9429
7220
-9864
-7731
1593
-8052
-2403
7916
-7741
-211
-1005
7832
-9807
2259
4271
-2061
8031
-2104
-4639
3275
5404
3638
8183
1918
8946
-2153
2565
7810
-259
-162
-7158
-1999
-1378
-6145
452
8957
-7006
-7212
-1856
6834
3753
-8050
-20
4911
7000
9113
7171
-9951
9103
-5505
-3903
-4306
6889
3673
4475
-5260
-4392
-3141
-3343
3720
3879
-1856
-2958
-1348
3721
1021
-9765
81
-5358
993
-6893
-1354
8383
-9756
7668
-2213
8483
2615
-6721
4931
-2474
-4655
-9535
9455
112
9608
8837
9933
-2873
7653
8240
-5967
-4354
4186
-8813
-776
2534
2815
-532
7250
-4160
516
-354
-7523
7806
2988
-3377
-1784
-2282
8073
-2990
3508
-7758
5072
-4546
4892
-4080
7888
-7580
-2984
7293
4096
-8522
-5281
-1909
7362
6217
-6619
-4541
4429
-3599
-5243
4562
-2683
6245
-7083
-1306
-1668
-8135
-7469
147
3971
-1971
-4589
9156
-195
4632
9642
8327
-8383
-195
2419
4197
8356
5848
502
-462
9657
9413
2861
3255
5187
3444
4106
-8225
7462
-9859
-5975
-1462
9739
-1317
-4827
2559
1621
-1991
-4692
-3073
-818
-51
-7688
4875
4018
-3326
4999
5739
9680
-3213
2383
-5882
-3627
9561
-3538
1268
-682
8920
1038
-3735
4191
4263
9041
6424
690
-9602
6778
8913
4376
-9613
1306
-313
6029
-2187
6974
-6739
9910
-1038
-558
-6330
-9973
-3366
-1835
6966
7332
-2151
8614
1018
5748
-7269
7843
-5377
8749
5554
6052
4245
5365
-4436
968
1431
6198
1049
-3917
7379
7857
-5969
4925
-3136
4001
5428
-4212
4495
3684
-9483
-3384
-4082
7548
6189
5830
-677
9899
3544
3682
-1786
-8136
9985
3589
6879
8108
-9960
-8774
5458
8407
2719
4918
6605
4531
5997
-1771
863
835
8750
822
-351
8601
9202
-9822
3042
9930
6836
-6636
3855
8709
5722
-1676
-7897
4655
4189
-7083
1226
-4770
9655
1669
-6119
472
6974
7195
4042
-8445
-3654
-9140
9856
-4073
-4133
2169
-4984
-9281
7097
-9898
8094
3116
6766
-987
-7511
-9359
-9622
7848
-3010
-5559
9518
-2779
397
7796
3005
8732
-1394
-9999
-4375
7492
8606
6246
-8447
8507
-2340
8432
-5913
7165
-6891
1522
-9674
1869
-9186
9265
862
-2020
-6994
8047
5663
-67
-5976
-5746
780
7800
1118
-1819
3639
6277
310
9369
9369
-1935
3970
4662
4409
-7495
-2562
3475
592
6183
-4013
-2347
-3985
9679
8148
7099
-5235
-6485
-3329
1246
-2789
-4267
-468
-6422
4900
7889
-341
9479
-4103
1276
-4145
-8866
-9109
9489
2774
1933
-7406
7946
-3542
8040
5541
-2068
8754
2653
6821
-594
-3018
649
-5773
-7780
-2838
-9922
3554
-1661
7319
8338
3522
3709
4384
-9399
-9838
-6360
-7618
-9461
8527
2126
4370
4306
-6172
8645
5149
839
4764
2361
-8292
-6250
-9647
-3536
-8250
-2460
5695
7481
658
6812
-3056
3217
9241
-2372
3524
-4520
8781
2075
4160
-9131
4345
8196
2312
-2985
-9298
-4606
7167
58
-9067
7165
6905
7054
6775
-1817
-541
2278
5939
-8496
6752
7972
-2895
2562
352
3017
-9331
3349
-3072
-1004
-4545
-7639
-7178
2671
772
6565
-5837
6183
7160
-6900
7129
-708
-509
-6908
-5297
4561
7854
3667
5296
373
-9038
-7823
-6473
-1328
6751
7804
2102
6577
6267
8253
864
5264
-7027
6952
-5593
607
9119
509
6136
-1760
-2332
5019
9495
807
-1277
-4388
-9343
-6848
5839
-5896
5963
2
1418
-7445
-5153
-6864
-326
-556
-4073
4167
6444
-6324
-7289
2820
-6622
-1607
1013
8068
-1632
-9414
3571
-7270
-7319
6714
6807
2454
4150
8036
9631
9144
6336
4224
4218
-7907
-9698
-879
4726
-533
-7952
-910
-1618
9167
5884
-6302
4297
1790
6003
-8830
-3338
2249
-4480
7573
-2856
5474
-3441
-8249
-141
-4968
-5070
-1730
-5197
-8210
3351
-6850
8550
7252
8771
5749
-7958
-3313
1711
-1807
633
356
7715
1579
2592
-3481
5511
-5794
3293
-6016
8125
2813
-1811
3678
-1330
-2234
1454
6764
2918
895
5023
4267
-5133
-3029
9043
7133
-9879
-5719
5843
7046
-6678
-4686
-558
-1673
-1399
7222
-227
-918
-2747
-2375
3947
1870
-4059
-646
842
-3181
-6734
-1630
4789
8631
-8107
-9076
-4883
-496
-2011
-8737
3047
-6873
-159
9294
-8816
7047
-4140
4261
-9270
-2515
-8066
8652
-9193
-5809
-1519
-9495
9401
-3007
-3464
-5360
-3108
-5603
-7306
341
-1620
-7834
26
3088
-8384
-4214
-8418
-7593
-4636
8421
9183
-5074
-2474
-6172
8308
798
-1405
-7655
9233
-1418
2105
7586
7419
-8377
-3379
-419
-787
2140
2901
7913
-1142
-8693
776
-8825
2641
-4673
1136
-2272
-8451
4262
3047
-5294
-7736
7280
-7417
-5192
-7868
5231
-4508
-7508
4463
2734
3833
-7027
1895
-2108
4554
6702
9812
-1500
-9799
-3610
-6981
-7196
-1736
9928
4786
5831
1951
-8886
4744
-7556
7124
-1532
-7612
3831
5423
6901
-1145
3783
-4406
4343
-6667
1932
-2496
-2289
-2971
7872
4107
1463
1551
-2079
-7603
6002
665
-6192
-9465
-4462
858
-7429
5016
4625
-7936
-9104
4777
-7667
5619
575
-6799
1896
5490
8565
-1886
6742
8405
-5448
9898
7667
-320
5096
-2584
-7540
-7879
9066
5411
7417
-5163
-7445
-1081
-8076
9038
-2089
-3607
-2280
-4494
-3780
9903
-8488
-879
2812
-7002
5563
-9006
-9015
-8183
-2121
4058
-3472
8248
225
-6276
-1194
5851
3235
-921
-4018
-4257
-8864
-9261
-1855
1319
4178
2582
5888
8262
-8601
-2935
1659
4085
5122
6990
6565
-1889
-3722
6394
7793
-6228
-1457
837
5481
-4983
1897
-3085
-5462
2555
5658
1551
8833
-2513
2934
1824
-7758
9513
5981
2858
-33
-2929
7823
8684
2522
-9474
-8722
-2748
7883
7603
-148
-8907
-9703
-616
96
-7486
9761
-7654
7303
-9624
-8020
7744
-6004
-8121
-607
-2957
9384
9608
1248
-3747
3709
2871
-8773
-1643
-6528
-4640
-1256
-4346
9984
8794
-9147
-9681
8675
-8820
-3320
3012
5070
3869
-5787
5419
3012
5877
-7358
2641
-4391
7823
-9458
-7528
523
5309
-4841
503
-373
6999
-2402
-3903
-7014
-5420
-4698
3249
1881
-2176
2236
-3072
6388
4575
3675
9335
-899
2959
2392
8700
-9594
8510
5867
3796
1175
-453
-111
9867
-8989
3513
-1062
1100
-7795
-5086
4614
800
1541
-8852
4859
7222
6702
5846
6515
-2485
-2703
-7146
-7820
-7590
7529
-6768
-6134
2170
913
7127
-3815
6128
-844
-3935
-134
7792
1112
788
2561
-3565
1718
-4975
8533
4485
-7056
272
9903
-4153
-3394
-1968
7751
8377
-4771
-7250
2190
330
-4579
2963
8652
9097
-2076
-4036
-9165
5229
-4156
-8371
-2722
-9960
5901
-4782
-5194
-947
7934
4067
-6703
-9979
771
2190
-4296
-1850
-345
-9425
-5751
1580
7319
3176
3303
-1287
-3614
6939
4649
-465
9505
-5325
7798
-1628
-3733
5318
-4991
558
-8539
-3322
8527
6521
-2415
6722
1451
452
7210
-3386
-7125
-5547
-4462
546
-5354
4422
5714
1977
8390
2758
-4692
-6996
-1948
-4478
4329
2801
8734
2808
-2307
-8064
-8333
-6538
2889
5061
-7440
4684
2552
4838
5717
1722
37
-601
1930
-8354
1741
-5211
5074
-4743
8496
1061
-6206
-4594
-5786
-2677
4084
-381
-8707
8412
-4235
839
1756
-8111
-2893
-669
-4245
-1924
-3065
6876
-8048
-3839
4124
-9890
5581
2699
271
-3136
-5271
-8338
4506
-1928
-8707
-1172
6408
5073
-3117
-9702
5749
-5586
-9548
1727
-7162
-5069
-1505
3235
-8316
-9167
3884
-4031
7139
6828
-7128
-3662
-4552
783
4355
7299
-2796
-9210
-7048
-4847
5163
1252
-7457
8392
-1097
9269
-5297
6994
9755
-7659
-3693
-2219
3489
-9793
6781
8483
537
-8952
8527
-7013
7561
-9116
2901
-6910
372
-5978
7287
4163
5578
-2820
-4323
5256
4242
809
-6983
6024
-7809
-7030
-8915
-8925
-6728
1217
3230
3188
4615
-2949
-1810
-2950
-9921
6896
-5553
4531
3509
4062
-9839
627
5902
4106
-7572
-7556
-9645
6323
-5655
8422
5106
-7936
-9403
-7852
9477
-7527
3195
-382
7977
7308
5
-7209
-3027
-2944
-259
-8528
5084
-5440
-8520
-2441
-8971
-4722
-5323
-6247
-2262
-507
196
331
1573
8675
5920
-5151
-6042
-4342
-3441
293
-536
-9603
-1699
833
-2464
4503
-5022
8083
-1497
7059
2988
5222
3870
-4806
6094
-3364
-9135
-5576
-7028
-360
-9698
8419
-1216
-6105
-9488
3418
8376
-5270
1933
4721
-6429
7586
-527
-9506
7204
-9212
6670
-9823
5774
-6093
5795
-4646
-6385
-2690
-202
4005
6809
9482
-7832
-302
6567
2324
-4624
9327
5972
9002
3864
-9312
-6046
-3772
-7222
9003
-7288
-3351
5003
9337
-7046
8898
6710
-3669
4620
-4291
7809
2715
-5833
1824
4748
4531
-423
-4747
7464
7922
-7136
-973
7632
-2301
1213
-9520
-2166
-9668
-8686
-7044
3674
8251
6561
5582
-1712
-2640
7451
-1655
-8788
-1525
-3057
6248
7240
6755
2865
-3220
-9315
2868
5720
1381
-480
4790
-9147
-5843
-5390
-3448
9226
-4700
-593
8489
-2138
-6142
-7506
-3467
-9774
3786
-1909
-5220
7905
-4572
-8530
8133
-9205
5351
164
1404
-3589
3469
7103
-1039
-3332
198
-3471
534
-5144
4755
-3156
-5742
-7588
1291
-2403
908
4983
-7679
-4520
-1300
9851
4795
-8416
2945
-7520
-2931
-8815
-9101
-6122
-5542
3928
9186
-4200
-757
-6677
-5140
-2268
-2459
2398
5131
2447
-8086
9750
-6860
2354
-5912
-525
-4116
-6314
520
-7095
-7513
-4027
9531
6604
7573
-3540
-986
-5717
4236
-7207
-328
-9959
2514
2657
-9410
-6179
9788
-4913
1297
-8494
9104
9951
-8472
1635
-7579
-5539
5306
-7585
7513
7065
-9244
-4277
-1237
6914
5089
9884
8636
-3193
6187
3698
-3605
-2711
-6703
-1124
7346
-6144
5931
8954
-250
-3080
-4260
9461
-9820
7824
-7718
-839
-5499
5903
-7620
-1688
-9713
-7978
-9704
1052
-2411
6445
-4481
-4603
-4136
1440
8790
6991
6787
9018
6973
-2492
344
-552
651
3773
-4249
-9119
-4117
-250
-6701
3267
9030
1885
637
-3301
-6362
-4124
1382
6644
166
-5757
1657
-7875
-87
6805
6709
8827
1324
-6795
7894
1615
6671
6753
5778
-5330
6061
-3189
-5469
9696
-2804
1365
-9331
-7619
-6345
-2448
178
8072
470
-8498
7851
-8360
-6063
7566
-5418
2540
-9555
-2941
4647
-5626
-4198
1359
-2507
1883
-9086
4030
-5232
-3699
-9964
8034
-5367
845
4619
1312
8398
6822
-6532
2392
596
-898
-4529
9526
-9970
3497
-5126
1072
5478
7624
749
1491
1811
-1986
-2889
6170
-9247
-713
-3946
-9475
-2371
-3290
-3697
-131
5536
-8078
-8088
-5829
-5679
9172
-1139
-3856
-6977
-1120
-446
9729
1486
-8836
-7620
-2911
3877
8135
7612
-3199
3286
7359
-125
-4706
5749
-2980
6414
-6682
114
-1667
-9245
-1813
1415
-8053
-5468
8693
-7368
1122
6261
-7120
-4021
3471
1791
5095
8267
-7669
-1349
286
-3331
9360
-9796
8632
-4071
4132
9207
-9163
-6105
-9679
2032
4337
4136
5678
-2381
-187
4509
9596
-1923
-4516
-9833
9786
-9894
3956
-2655
-5024
-6950
-2594
-2702
-9742
362
-6667
447
-9279
5204
5095
3479
8476
1067
5475
3322
-6473
4901
7201
-3624
1620
-3424
847
-9859
6619
-4065
-4356
-6304
5719
-3637
3918
2015
5433
-1113
-9731
7109
-894
1210
7085
-1760
-8715
4983
6835
-8960
-9902
1646
-7826
-1190
9691
-6170
1641
5985
-1722
-1460
-8745
6067
-144
-6053
-8218
1657
-4798
8983
-3222
-7285
5316
5724
-2761
1751
-7089
1124
-7003
6239
-911
-2403
5956
8424
-2265
187
-9465
4263
-8448
877
-8253
8857
-517
-8655
-6335
3343
8548
8776
-2993
2017
-3058
-277
8851
-7642
-5296
1017
-7071
7852
9996
7064
2725
8437
-8356
6105
8372
-4468
45
-1222
4632
-3847
9089
-9494
9698
7477
1477
4759
-7065
-2066
306
-9474
3911
2899
8477
9036
-8744
-747
6286
-9668
9204
-2682
-5327
-1997
3030
5091
9320
-3600
2316
-466
-9549
5515
154
3887
-8734
-1049
-1656
-9311
-7657
-639
-6919
-3963
4307
-5402
-4205
-7984
-8947
1530
5814
1021
-1985
-9715
1216
-7111
-6913
2013
-3711
-8267
976
689
-8327
-5864
-8886
-5615
-1449
-1604
2207
213
-168
-1348
3692
3794
1622
5413
-2464
3469
2016
6723
-8297
-2494
7603
-9977
1235
9460
2102
4669
-405
-9242
-7487
2564
-2226
8887
6599
-8433
-7407
-2138
372
-4371
124
8886
7841
-4206
1282
-4620
1610
4194
-4544
3616
-8549
-1089
-8068
-1733
-1258
808
7459
1753
2561
7491
-285
-4348
-3752
8145
-6434
-7549
-4493
5447
-9735
6975
-7874
-6967
-7784
6412
-2573
-543
2727
-2063
-6818
-9799
8257
-694
1111
7645
7753
-1658
-873
3625
1761
9675
5412
-3834
8442
-9185
-531
5068
8362
-6403
-4731
6218
-109
1278
4087
-4999
7322
9402
-95
7468
4918
-435
-2973
-5747
6330
8872
-4467
270
949
-7635
1991
2860
-6801
-3896
-32
60
2567
2703
-262
1763
-2312
1385
-9706
3763
7727
-9438
-9882
-1339
8950
-1369
-4101
-7958
3545
-5691
-4636
-4088
5841
-8178
-5268
780
-4782
4066
-5961
1767
595
-390
4516
3903
3689
9236
3563
-6716
-8363
1317
3971
7093
2944
8394
-5448
-558
-3893
-7673
-1587
8278
9834
-5996
-1077
1921
-1783
-5546
6500
-8323
9853
-6038
-3655
-4096
1084
111
-2004
5671
2437
7149
435
3344
4827
4980
1985
-9264
-2619
184
-7355
4007
3547
1765
-3579
7550
-373
3657
4614
3192
7148
-4390
6112
2527
-4599
1993
-979
-1379
2268
-6364
1813
3640
-8570
7050
1305
-6117
-718
-2922
-2081
-2512
8844
-5856
2495
-3031
-1359
-3715
2591
8911
-241
9786
2870
-5276
2607
6708
-5738
9887
5329
-2358
-1779
8696
-8660
9702
5992
6394
-9392
-337
181
4788
-1583
-5275
7712
-1418
4139
85
-9685
-5401
-2102
7110
-6341
-9401
3282
-7348
4608
3154
8733
2327
-9211
-5614
3879
-2402
-7359
5034
-7171
23
6379
3241
6511
9871
-2598
-4285
-7803
-8281
-5374
1733
-3866
8993
9790
531
7779
-8595
-8430
9194
-8618
-8607
-6486
-4179
5726
-8890
4124
1816
-6838
-3655
7048
-2484
-1395
-306
-4629
-9427
-3950
7568
-6290
-7461
-8639
-9654
-6238
7202
9629
7140
2737
2158
-3118
-9232
-4530
-5589
6932
-3279
-2457
2706
-8100
-6101
486
9102
-2562
8907
637
-5139
7048
-9695
3843
6464
-1984
3957
1573
8698
-1487
-7734
-7627
7087
-4509
-5056
-8751
-9331
-9567
-6452
1402
3302
6700
6113
-5204
-2170
-7942
5247
5617
2920
-5304
-133
7805
-1912
-7070
-440
2385
5267
-332
-9382
-9
1953
-7142
-3192
-819
-1770
-6938
3674
3581
-5566
-7062
-2460
-2214
5015
-1214
-4564
-5317
1982
-5636
6083
7088
1088
-7363
6704
1325
5755
-9988
7831
-1698
2995
-6960
6722
110
-3275
5778
708
3636
973
3889
5550
7832
-342
-8839
1350
-1123
2241
-8142
-2898
-7674
2006
892
-6629
-6319
6681
6706
-6307
-5051
-7765
7084
-5478
7776
3775
-3591
8686
6933
2228
54
-1447
7404
-6454
1107
3892
-3563
-1380
1001
3878
-3674
-4950
-2723
-8648
-9472
-259
4676
1847
2886
-7036
-5748
-1507
-5051
6449
-1538
4883
-7604
8034
5570
-1336
3888
-1765
-3090
2858
-1828
-4788
2717
3863
-2042
-622
5068
-4958
-5696
6020
-2252
8688
9907
-3890
-9445
-3699
-472
4643
8356
-9705
5348
7556
-9920
-6362
1571
-8630
-8975
-1868
2242
7770
-2827
-2325
4773
7890
-3782
7123
-8591
-239
-4153
5560
8112
-9579
5268
-5304
-2234
-4004
1892
-1359
9141
8214
-8383
-2459
-7012
-7951
-8225
4605
-8128
-2689
-4723
8742
4441
-7608
-321
847
-1491
4688
4953
5050
7077
6773
-3735
5021
-2653
6976
5760
1790
-27
-8075
9485
-7219
915
-659
-7204
-8016
-8094
6127
9977
625
1066
-8716
6753
7529
1273
-6680
3260
-403
-2565
1161
8345
-5891
-5757
2591
-8900
-3370
-1643
8031
-5933
9670
-432
-7374
-7495
7127
-9019
-9257
6625
-9116
6903
6367
9310
4623
-6796
-9661
-7440
285
-2630
380
6164
1957
-2330
-8122
-1255
-5043
-5905
-7379
9376
1895
-2507
-9515
-9129
3601
-5078
-2919
1583
-3412
-8565
7949
9314
-8721
-5810
-7635
2204
-7874
9499
-6948
-9952
759
8385
940
6310
-4329
-6948
-9317
-8448
-6538
9802
-1405
6289
9843
802
985
6150
9430
5443
9545
3910
-890
6021
-4772
-8203
5319
197
5408
2233
6332
-1640
9248
9297
2453
8736
6127
-7500
-8632
-5023
1395
-5771
6006
2474
-719
-3571
2494
-5222
-2834
-1501
-7101
-1504
-5547
-8380
-2972
1011
2677
-9696
-4207
-8966
3845
2394
-4798
5038
4251
-4363
-1777
-4390
3135
2129
4414
6427
-3566
7851
-6288
-6224
-2154
-6367
-6687
-4181
-543
-2041
6028
-2399
-6479
-6078
3638
9882
559
2292
-8220
4561
-7540
-7356
-3772
6204
-5967
7772
9833
8983
-5107
-8639
-2120
751
1331
1257
-4950
-6558
-1487
732
-4632
-5840
3692
-571
9892
4027
6325
-761
9336
2073
-1240
-9067
-3616
-3422
6329
-4569
3000
-6189
-2016
-8177
5118
7609
4473
-4460
-7880
-9393
7322
-7550
-504
1190
-7318
-3453
-6388
9720
9326
6219
9185
-753
5390
-1968
-1708
-2514
9063
4305
7169
-5357
-2931
-4192
2376
2681
-5282
-4369
-6218
-2038
1052
5350
-9573
-1220
-3180
9217
7239
-4287
-4504
-2009
6864
3933
67
4596
6981
-9229
-6933
-8408
-9211
9034
1509
-8330
6093
1187
-370
-1755
1014
4864
4800
-1972
-3036
940
9317
-1968
9575
-233
8815
8396
2431
-6120
8299
-6691
-7104
-9670
9461
3265
-8665
-5148
6295
-8293
-7847
9484
-5433
1103
6239
-5343
-3231
-8306
-9107
-1744
-3799
-9189
-4178
979
-1701
9262
-6069
-1718
-6814
-692
-2361
-2911
2645
-1765
9788
4886
5711
-8314
5118
-2717
4375
9165
-7029
6602
-9831
-9184
693
523
-9797
4175
1386
3722
-3516
5842
7977
7922
4031
3098
-2639
-2245
-3049
-4655
-2602
-5684
2622
-335
-958
-4952
-3140
4905
-7837
8393
-6697
4520
-1762
-1845
1086
9939
-9954
-7377
-8584
6788
9993
-9014
8344
-4748
3071
-6100
9730
-3523
3529
4635
8300
7071
4480
-5036
4080
6371
-8369
-8063
-8600
-8952
8981
5527
6346
4388
-6564
4860
-4589
9506
9997
-7526
7346
5772
-2970
-55
4015
4707
-9628
-2534
-4083
8268
2775
-6540
-6466
-8648
1081
-4696
-8225
-4591
777
-4012
6530
-9232
462
3888
6473
-4325
17
-6423
9968
-3401
-3385
-3778
-3871
6841
2159
2116
-9938
-7383
1303
325
5366
787
-9100
8931
4162
-8170
-5287
4888
3628
3336
-2239
-9699
-3367
-3590
800
3497
3522
-2830
-6990
6337
9329
4312
9985
-1193
4765
5848
-3259
4649
4909
-5725
-4095
-6629
-419
-5870
-8746
6558
-1333
6707
-1769
-5854
-1694
-4220
-8982
-4494
2691
-6871
7443
675
5610
-7826
5146
-5825
213
9283
-189
-2193
-7628
-3468
8460
-8450
7393
1142
9391
-6226
2795
-1767
-7408
-5112
1658
1393
8823
873
-8527
1594
5987
9753
-1245
8841
-921
-6072
-9770
-2797
7049
-8226
5951
8879
-4221
1354
-756
-2782
1140
7285
2842
1740
1733
928
-2914
5191
4842
-265
2361
4138
-6576
-2709
3944
-7181
8466
8743
9564
-552
2887
-7572
-6494
-3069
1616
-5666
930
-5806
8389
-6507
-7472
34
791
5071
8109
5288
7020
-4083
-6898
7553
9057
5119
-5471
-1865
-6756
-1821
642
666
465
-9029
8263
7947
-7827
-6663
-7237
-8323
326
-6776
1014
-3864
-8905
5246
9746
-3522
-5383
9231
-3317
-4615
-4252
5197
-7870
3737
6100
-3064
-5824
1265
-4244
5495
-593
-5078
-421
-6662
-6501
-1670
4983
-9357
4005
-7103
-6829
361
-8923
6279
1614
8743
-1383
-5260
4369
-7217
2446
-1763
-3301
1811
5313
417
-413
-7857
5204
5283
-5604
1560
9639
8474
1849
6154
-500
1387
-2714
1859
1130
391
2667
6033
-8276
4603
-7163
6450
-8714
8052
-9142
2320
5193
1931
-6949
5102
1638
8142
9604
2408
-2147
-5404
5078
-9944
-2883
-9772
5503
-5337
4830
922
-4135
5195
-9524
5869
-9947
-6799
9923
-4292
-1050
6477
-105
-7399
66
-5915
7078
-2284
-4950
-6922
-8855
-2536
-4693
-8283
9712
-8913
-9660
797
4407
9722
7894
5104
-627
9679
6697
5454
3770
-4825
8237
-2757
8844
2654
8689
207
-7309
8034
8741
9650
4983
5574
6263
-3133
6376
9788
-4987
6104
7619
9085
-3049
-2041
7975
-3708
-484
805
6190
6175
9344
-3800
-7498
-7886
4354
-5351
-9302
3913
9031
6799
-56
686
-3130
6847
-5381
-1059
-1804
20
1167
-1035
-7172
-6562
-6109
-7415
-348
4700
-8945
1743
-9745
1867
5526
3144
2008
7924
8048
5926
-4117
-2804
-9527
-4048
-568
6873
-9890
3141
445
9699
8235
-8763
-2778
-5020
2140
9072
-6663
-7764
-113
9356
419
7762
-2705
1440
-9369
1672
-4696
575
-1146
2052
-2154
-3002
6561
-5041
5557
-8657
9430
7871
4077
-8614
-7343
5397
-2265
-9052
6948
-248
2073
8854
4074
-3073
200
7927
-7617
-6775
2947
5497
2858
175
-9674
5758
2834
-277
3946
-7333
-7139
-6964
4245
9753
-9504
467
819
9340
-521
-2579
1821
1275
-3939
-8480
4668
-3320
645
6777
-6582
3058
2744
1520
-4142
-1877
4879
-8016
-631
-5288
773
-4630
-872
6829
-1371
6736
7763
4060
8211
7494
4083
2618
-1172
-8402
-2566
3951
7601
-3964
9594
1792
643
6983
4440
-4585
-6120
1794
6774
1096
-9256
6007
-9591
8064
4822
3404
-3007
-8509
-437
5901
-5813
9515
1086
2066
-7941
448
3020
-9506
3969
-9984
-4067
4874
-265
-4771
6912
-7098
5948
-9238
1852
5814
8588
8477
-6669
-4830
9377
8391
40
-7892
9226
4530
6455
6367
8229
-4016
-8326
2213
5036
-6510
457
-2517
-8055
2952
-7053
-5965
1881
-7122
3061
8816
-4798
-5165
-3768
8362
1180
8861
-8688
4523
9414
-4791
8595
-7980
6733
-2172
695
-8815
9325
4214
-4322
-6379
-7078
1473
-5218
9129
-1412
-9144
7696
7163
-5677
-2685
-2728
8753
-4520
4232
3528
-6410
-9614
5993
9049
7649
7769
-250
-1642
5099
5685
7460
1157
-3050
1593
5058
1191
-9775
6660
-4799
4166
-6334
-3296
-9773
8647
-590
-6191
8941
4743
6797
-7445
-4307
-4017
4608
6122
-8267
-9807
-5603
1341
-3169
4016
-9623
-5845
5530
-8237
8390
-6858
7268
9782
-1704
-8723
-129
-4163
-1124
9519
-6564
-2539
8780
-6978
6397
-7907
-9524
5778
5384
-3128
9321
-1890
345
4608
4228
562
6516
-5523
-5333
7847
-2423
7622
3737
-5363
1195
8470
-7186
-2137
3881
6084
2067
-1308
9353
4902
8099
-4971
-115
95
5547
7221
-4070
-9144
-346
4794
759
-8680
-3924
-5814
-2971
292
-6117
8417
-9136
4724
3598
5727
-1643
-8533
8242
-2995
3420
-6405
6377
-8706
-1130
-1144
-6263
-9497
-8413
-9526
8144
-96
-1052
1500
-6821
6948
-2179
6038
3115
7452
-2414
-5279
-5961
-3441
-8030
-5446
-9614
-9105
8701
-9419
9234
5423
8119
-1416
7368
-5249
1352
4301
1161
6008
6559
-5214
-3771
4213
5637
3069
8646
5758
14
-9970
-3504
-887
-9896
-381
7830
-5271
-492
2748
-7850
7505
-3821
-8771
-4225
4236
-4862
4675
-770
8812
6873
-5829
-2864
-2002
2314
6249
1683
9808
-5768
2848
23
-4383
3118
1787
-2833
-7050
389
9808
-4692
-2064
-8719
6193
-65
-505
624
-9072
-8218
-5344
4852
8725
-2470
3019
-6889
-862
422
-778
1927
1333
8133
8099
-7428
-2059
9630
-8822
-4981
2982
-8479
4227
-1489
9069
-16
4156
-4677
3594
-3231
-8757
6494
7733
-8046
-7731
-6241
-7409
-7137
2926
-6863
-2489
7914
-4230
8251
-3233
888
-8996
-7816
9652
4107
-1675
1001
-9637
5570
628
6358
2815
-305
6761
-475
-1024
-8543
8477
9595
-6729
-3850
941
3156
2311
7403
7585
-9311
-8820
6254
9484
655
6537
9800
3733
3867
-4806
157
-1794
6850
2453
1524
7495
1346
5908
5124
-6152
7565
-1949
-4455
9275
-7568
169
2454
7793
-2405
5099
-6389
-1589
1709
-4734
2619
6858
-7394
-3151
-5658
7453
-8547
2086
8820
7204
-8979
-8618
9518
-5912
-8047
1936
-6962
5322
-347
-4327
-9877
5974
-1944
4405
-9540
-6103
-7878
7070
741
-8188
6323
9520
1104
6245
7952
7094
-3388
9342
5408
6969
-817
-8136
-5648
2767
2152
-8833
-9157
6102
4877
-6027
-1926
1173
3353
-788
2445
-5340
2774
-4129
-5083
-9636
-1494
-286
-6512
2622
-610
-3131
-2643
-3578
-7452
4979
-751
7053
-9071
-9440
-2108
-3788
7259
5193
3706
-1438
-8678
243
7811
-5536
6159
-7339
5238
3599
2214
970
5715
-780
4456
-3708
7690
1803
-214
7779
8115
-8522
9338
-5293
-9635
7590
4713
1069
-355
6696
-7510
-7200
1526
495
3018
-6346
-2895
-502
-6042
3625
-8796
-2478
9629
-9167
-7913
-6240
-7948
-2718
-3443
3736
7118
-8280
8335
-2445
842
-5154
2284
-9958
9644
2540
277
1428
4297
-688
4572
-1092
3470
-8090
-4699
-6262
-6522
6861
-7725
-5593
8087
-9717
-1578
8737
6859
3042
-6778
-7014
9735
-39
-7957
-3270
-8046
-1516
-9578
-8965
4146
-6113
-8601
4094
-5449
7328
1848
235
-3234
7379
8971
-387
-6468
-4576
-1092
5152
-246
-3023
-7668
6202
-5112
3156
-922
9990
-6657
-7340
1097
9529
747
-5718
6301
3760
5784
6355
9771
3221
-9524
-6152
-3271
-4005
-3409
-9165
8198
298
-2174
7277
1082
-5642
7828
3947
5578
7586
1427
1908
-8450
5714
4972
8004
-3498
-2313
9314
-347
5347
8618
-6330
4037
5230
7221
-1128
-4494
8573
6297
-53
-1447
1335
-9032
-4603
-4957
3623
7942
6241
5378
1889
-448
5719
-6284
-9306
2761
-1028
-6114
8743
8569
-4533
-4027
1675
-8603
-1868
-7905
-2720
-9433
-1329
-5859
8900
212
6013
-9559
-984
-156
9346
2242
729
7479
-8609
-9003
-5397
8417
-9748
2365
-2802
-1626
-1998
-5632
-8043
-1365
-3907
6026
2001
7368
1824
-2217
-8430
-7063
-9752
-7473
-5487
-2104
-3741
-998
1600
-6800
-673
8028
-838
4604
4816
5571
-5133
9007
-3177
7068
-9630
9967
-6618
-6676
3552
-196
5646
-2232
4604
-572
1552
3220
-9287
8033
-9827
2324
-7914
3205
-1780
-83
-5238
-3720
1585
8523
-546
1879
4973
-8909
8654
-365
5954
-3450
-2093
-1761
-4141
4992
-5533
-3988
-9850
-4775
2458
9441
2063
-9088
-8589
-4039
9982
1217
5016
4790
-2560
1548
4091
-624
7609
7413
-7860
-8145
1001
9204
8570
-3356
81
-2690
-6981
-332
-8014
-2332
-1278
2900
-8811
1941
6801
-8747
-3798
7537
-6576
3788
2163
-2576
5160
7517
-2428
5857
-8093
6798
3644
-8059
5899
7873
-775
5229
-4222
-6806
-4417
-5668
-7619
-2845
7461
-4422
-5926
-4083
6495
-1277
6319
-735
3548
1636
-3416
8206
-581
-644
-2085
-949
2997
-7739
1498
7309
-4931
8398
-2078
679
4823
-997
9754
-6890
4761
8748
7183
-7065
5568
-6300
2231
-2611
7994
2140
1600
5752
-3063
1969
2706
5964
-7074
-429
-4085
9705
-9173
8758
-5699
4231
5980
-7947
-9243
-2895
-2919
9402
-8328
4240
5919
2884
-5398
-1168
-4416
-996
-9750
-8175
-3007
-8255
-1398
-5151
3792
-232
-3227
4746
-3212
-7564
8209
-6900
4613
8968
-3626
5609
-5191
2004
-4899
4349
-4194
625
6934
4568
-8583
3781
-9386
-1986
5030
-2228
8278
-9863
3065
-6053
1716
7363
2140
-1032
4155
-5341
9265
-316
5998
7511
-3553
6787
-9054
-1953
7263
6273
934
7749
3557
-4521
7633
-3888
-1857
-4427
2840
-9840
1764
4283
-9841
5344
-2254
-1563
257
5965
-6467
-4720
-2101
-634
1762
-8055
-5077
4228
7404
-9769
-3205
8303
-1066
4888
-6259
3439
-2645
824
2760
9579
-1652
-7406
-2052
8272
-9555
8071
-6168
-5968
9609
-9492
-7348
-3477
-4114
3842
982
-7799
-6934
-2430
2391
-3164
5948
-6111
2972
2716
-8955
7033
-8462
6327
4064
7248
7817
-2885
-9725
859
1050
5242
578
-2023
7399
3555
-389
-3481
1958
-43
-8718
-6683
-9753
9649
8754
-9686
5589
2144
5512
-7297
1828
-8612
2980
5644
882
-5550
-2941
9866
-2948
-8809
-1853
679
3684
6894
-1728
-9298
5477
-2049
2755
9907
-7557
-7916
-6752
7430
-6242
-181
-8394
-957
-8546
-6674
-1090
-8248
7887
-1125
-8025
8988
-2908
-9427
-9636
188
9651
-6301
8143
9404
7102
-4342
-6278
-9698
3415
-5450
-2396
-6434
-9097
-7163
-5479
9516
6954
-573
-2989
8260
1501
-576
-1523
4355
-9103
117
-8910
-289
-35
-294
-5999
9628
4068
-2833
-2501
1739
8257
3069
6650
9635
-834
-137
-6807
-2202
679
-4214
7991
-7875
-6936
-8741
-6356
5970
-6822
-589
-2889
-8493
-5588
-48
-2578
-5038
-999
2759
4159
-3884
-5678
-6806
-7374
8023
-6492
-1533
6808
1183
7873
-6543
6188
-7543
-3017
8034
7252
-3247
-3366
-9970
1507
-3158
8778
9613
-1710
3362
3566
7020
2407
-8089
3392
2407
-3881
7264
8241
-6681
4212
-8177
-6347
1335
-989
1669
6181
-9497
-4687
3489
-5554
7283
-2864
-29
-9294
-2897
-8031
9799
729
6989
7104
4513
-4098
8721
6445
-2469
-1351
-4192
-9638
9074
-3854
2577
-8197
-8293
-7346
7943
-9573
9726
6072
-7711
-3991
993
8849
-8957
762
570
2446
-4666
-334
-1594
7043
7999
-7848
-9533
-275
2284
7403
-1866
3831
2881
-6707
-9281
8526
3078
4151
-976
-8631
9785
-9066
3461
-6880
-1328
604
7062
5369
8542
9205
-4732
3791
7396
-9600
-4469
-9663
7220
847
-8298
-4730
689
-7548
-9808
2759
1524
2820
5209
680
-7176
2490
-4092
-2021
-4550
-168
6969
-1960
9645
9219
355
-9956
-1719
606
-38
8762
8239
3288
6074
-202
1406
2620
-6799
6665
-5861
-866
9830
7541
3253
9587
2211
8985
-1140
-3028
6582
-492
2725
-3632
5098
4765
-1914
-6346
9702
3173
-7455
7
6849
8972
-7443
3266
-8332
-5311
-7803
1307
2711
-9738
-5400
-3597
2237
-3980
2926
-1589
2215
9514
8043
6181
-9198
7000
3112
4495
9345
-733
-4957
-585
7981
9218
3214
5232
-9446
256
6917
-3718
5231
9320
-9919
6410
8779
-1803
4589
-6995
-3026
9897
8621
-7452
-7344
-1307
3792
-125
-4096
3948
389
2301
-2181
9465
8638
-5771
-2882
-9065
9204
8921
997
-688
-5999
9546
9441
9160
3725
-351
3381
-1091
-3579
1231
1296
871
8896
8086
7460
-5190
1997
3092
8017
-4539
7309
-5574
-1090
3991
5612
-6222
-584
9597
4016
3490
-2253
-580
3222
-3536
5980
8448
2569
1910
-3366
-6115
-5831
1094
4780
-8840
-2884
7744
6216
-5760
2243
4670
-9705
2457
2762
-3512
5042
9607
-4723
-7423
-6585
6665
-9541
-4833
3786
2195
-9514
-6337
-6485
2049
2516
7367
-7383
5660
6813
3759
9449
2169
1123
4632
-7304
3533
220
4524
-712
8831
4939
2595
-871
1178
-8814
-8436
-5198
-6891
8533
6659
-8143
-6703
-8473
-9593
-8139
8387
8180
3921
-2572
-1669
9676
-6976
2080
5234
-433
-5671
-9387
-1712
-5347
-1651
-9922
4697
1948
6783
3396
6563
814
4642
-9079
2671
695
-6193
2731
7786
-7200
7289
5158
3404
8111
1460
-1876
5644
2507
-467
-7912
3996
3977
4325
-314
2341
-7785
3910
-9387
1966
3341
7542
2503
-2664
-4974
-4019
7840
-1567
-4202
-3226
7080
4533
231
1725
-439
-3398
-5563
970
7108
-9688
1688
-5609
3565
-6262
-1654
-5815
-5601
-8561
9274
5963
6384
9104
9451
-1760
-1897
-1341
-2464
-4828
1309
-5787
4963
9421
-6129
6699
7108
9353
-2369
-285
4946
-2243
-4753
7884
2194
-260
-1914
17
4392
3716
4487
2207
-2728
4584
-276
7175
-4093
-6420
-2467
5526
-8315
-3422
-7801
-8818
-7042
6892
7683
9417
-6567
-2268
-6178
1235
5028
620
-7922
-7875
9389
2280
-1931
982
-2263
8420
-2216
-3743
2375
-6119
-4070
-9692
1460
5689
-4365
-8858
6825
-7958
-9466
4932
-3343
357
8592
5548
2023
-5474
-2495
-5452
7388
2272
5274
-2780
-231
-6670
3418
7440
-2813
2256
-9326
-5911
-3593
-3149
7560
9375
-9832
-4415
9201
-2571
-1002
1855
-7505
-7703
-9256
6934
-5779
-1598
4448
5181
7491
-6786
4595
4668
-2427
-3152
4401
5647
-1114
3230
8961
4080
9437
-6917
5930
-3730
-5216
-8747
4647
2497
-6864
522
4061
-3962
1929
6336
1747
-1882
-5048
-9739
7206
4409
6796
2474
-493
8174
6910
-4664
9188
-1113
8417
-2888
-430
-1490
3371
-6831
-6155
63
649
5303
1388
4674
-1082
-6569
-2824
1805
-218
3687
9976
6583
5302
2190
7326
-492
-7333
8706
-5898
-7530
9973
8862
-760
4428
-7913
6070
-1173
1422
-8630
-3627
-5798
7014
-9283
6267
-7773
7904
-2117
-2197
3992
2913
6673
-2205
529
-8127
4659
-5529
388
1233
-3911
3647
3521
-7702
52
4603
-6370
3940
5633
-7558
-9065
-6091
1021
-5306
1032
-4786
6504
8505
6345
-9491
8328
-9276
-5337
8954
9515
1337
-8161
-6288
-381
6460
-7136
9211
5269
-9186
9673
-1019
-8135
2108
115
4772
3426
9708
8263
-6838
-8313
-9919
4828
4476
7694
-3580
-5295
2326
-9208
-563
-6438
-6227
4217
-976
9740
2490
-7464
-8872
-9504
-5336
-4499
8837
-4839
-226
-7988
3105
-3551
-58
2621
8737
-5469
7846
-3990
4319
-9622
-2912
-6325
6757
8133
-6406
-5071
-8381
1273
-9547
-4664
7998
5240
-8654
-4163
-1178
-9346
8926
7616
-2929
-2336
1717
5623
5457
5643
-4236
-8512
7742
6967
-3515
2826
-5200
-5548
-1525
-5201
-863
4738
1657
711
1875
-8344
-7649
9655
5818
5175
9181
-8472
2126
9910
-2624
4124
-6033
-7569
1178
-2619
-1346
-882
7670
1190
-6339
-9102
-9303
-3639
-1300
9675
2262
-6171
5893
1634
-2681
-9784
9400
5287
-1462
-4246
7806
2768
-5321
6532
5839
4491
-6249
430
-9206
-6789
2079
-7944
-5327
6291
8281
3547
-2656
-2295
-7452
-6395
3181
-3466
1297
6231
2446
9955
6215
761
-6909
5545
-4004
2406
336
4883
-9176
7517
-8466
-9824
-7339
7537
-7020
933
153
-9354
7255
-1190
200
7360
-9118
4736
3435
-1947
5834
3062
9452
1800
8263
-6865
3972
9744
-9813
4884
-1828
3294
-8177
6603
1127
2441
9618
1014
-1068
250
-9334
778
2745
-4918
281
-7441
7150
2869
-4099
-6200
7889
-4016
-4105
6047
3020
-6073
-4014
-8109
-8454
298
3251
-7466
-5246
4954
-1654
525
1723
9599
4014
-7404
1510
5458
4752
3015
7917
1325
1736
-691
-9181
-855
4028
9776
-4269
-8540
-1386
4907
-9414
1876
-1884
-2869
-4007
2328
-7908
5470
8880
-9600
-3351
5863
5573
-3820
6133
2048
-8180
538
-5337
-6230
-2345
-5816
8899
2495
-4492
3066
6739
-6415
-4850
-6052
-8129
6912
-8630
3294
-8117
8917
-7219
-9570
2735
-4051
-2412
-8488
-6035
-5528
2916
-5951
-5057
8427
-3692
-3608
-5710
1773
-786
-4089
9970
-4726
-7669
7091
-5777
-5084
-5139
-9764
4390
-3073
8587
-2542
3668
1893
2033
-8607
-8640
4144
-8822
-2284
9720
-8948
-7813
-9697
-3803
5164
8288
554
2388
-2468
1996
-4974
-175
-7684
6019
-9778
3385
-9576
4465
9088
3883
-1446
-43
-4419
5555
7322
1708
-2470
721
8009
2691
-4888
2273
-6517
-3289
-7132
-5722
194
-4395
-6019
-8455
1609
2310
-1630
-46
424
-2660
3837
-5551
-7186
7261
3266
2086
-4525
7939
-5939
-1118
-4834
-5502
7969
-1542
-3033
-8134
-8029
-5590
-9719
-4581
-916
-9610
-6444
7793
-3950
-1151
-5637
-5997
-7229
-8664
-7856
5544
-9677
-6517
3840
3047
-201
5032
-2475
-6925
9986
2942
7129
-4212
-9430
4055
-4398
2095
-3789
7506
6442
5601
-7252
5935
8864
-5166
-7518
4702
-1070
-1466
-3985
1460
-2954
-5214
-4685
-2584
473
-4356
3679
-9161
6381
-9289
-5598
1600
8048
