38217
24919
28717
-3282
4559
85079
-3135
95969
2559
88199
4310
19979
75629
23999
-7734
-970
-320
-505
35829
2380
54539
59939
56469
-8560
-95117
5128
3895
8206
13549
-1636
-6463
45239
-2386
5289
61859
44889
89489
-5913
63789
-1419
-1913
96817
48999
73489
67589
3110
65749
2649
13399
78279
20229
-52717
-4771
6898
37517
3798
6929
32139
39219
6797
-16917
4872
16159
94617
-29517
-95617
75079
-8328
25
-599
36419
-5584
2748
70079
78809
41017
198
59049
1690
-9846
-64417
35679
95769
-585
8339
-4676
-66217
-5963
-38717
622
-385
44717
4606
12949
-1514
86209
-60717
-2316
-9044
7654
-33217
-8512
55999
1048
47469
-8260
37869
74117
35117
-8967
-4442
87529
99549
98799
4172
-5125
-8933
42799
7280
25029
20659
7853
38859
-1795
-80817
57039
-8485
-27517
9061
20879
5701
-89117
26089
69379
2741
-5412
-28817
-3048
64917
22599
48489
-9557
51917
3713
82049
56079
-5581
-4423
-3851
-3778
3544
38417
-7631
1019
9814
99379
40009
-7535
76217
397
6832
55717
5993
173
-2692
51059
30919
-2701
-6477
-19117
1859
-2112
9747
903
83019
2918
-13417
-8857
3051
7539
-78817
6588
-3113
82909
-61017
-3312
-26717
51769
71869
-2588
79017
75417
13139
71789
7333
77569
-5182
7166
62117
70739
97189
71209
63617
-3533
15129
9188
-1031
-7725
15709
18749
70339
45217
3473
99717
9499
77849
85499
-943
43819
63979
-1508
96869
-614
15679
36409
-3713
16959
-6454
54509
5927
9089
-5914
21817
14317
-9264
-99117
2846
7283
9460
-6636
10829
88119
7367
45189
8744
9586
86909
2395
4979
-2999
-4411
-8395
62459
-108
-7312
17139
57917
9331
-688
71929
-8944
19099
73079
683
2959
543
-5814
83279
20569
26149
69719
137
67559
9038
-12617
89039
89349
84189
-4272
4158
6239
-3348
102
19619
17419
97317
2929
27719
-9894
-6645
7583
6393
40759
2978
71017
-7579
-5850
79249
7549
5794
4179
6029
-7634
-9213
11459
-51017
7471
80889
-53717
-41817
42859
-9795
88279
-84717
34489
40959
3703
91979
97429
-36917
-14717
76039
256
344
82529
-5385
-3561
45317
54699
34899
1416
32969
9479
7705
-72617
-954
21049
85119
80959
4687
-10217
-3608
-62017
34259
510
-9012
-94717
-9112
4649
65117
96139
-278
4133
24329
-6335
49519
81569
-61317
-6898
-25017
69319
78099
26709
-6900
49169
5609
48617
30119
84949
-58617
63869
-9547
54939
92199
1382
61117
1536
-39117
6809
91629
5784
89117
-8091
9361
1806
1919
94117
-1336
-2008
33439
89209
18117
6801
67659
94289
-2213
3189
88217
-8616
-7980
17639
18669
79409
53349
6629
37719
-138
-1711
37317
5598
6358
9345
77359
81429
42059
-96817
59319
2800
91989
7984
-3824
9658
45529
12117
6247
-76317
-1256
44999
-1829
2209
1978
-42117
6934
45929
1079
-9396
22839
41489
4188
-433
50589
3423
-3012
64479
27359
-71117
18729
39817
-9037
84749
62639
59509
73769
-69217
32419
-3844
46469
13417
-89617
80139
83569
67899
2709
31669
66249
99517
7777
7062
16189
-5272
-7814
18217
92617
3929
88017
-4809
-5045
96859
75717
-5335
-34617
51879
7804
7339
1539
40029
-20
-388
29939
96449
4699
2657
6299
76117
9849
4573
3200
97089
91559
56959
26317
8396
20799
-6440
-4444
46517
-3007
5470
16679
-8313
-7103
3954
5073
-35817
2650
31019
-4648
-74917
5847
16559
-4269
66859
37369
-11617
60569
2401
-89917
2704
-6543
65369
1149
-4368
-1914
3537
4270
15809
7867
15279
-48017
-9973
7980
-27817
56117
-25917
94317
9743
25517
26789
-709
92159
8887
-4014
-4289
-7656
-59117
3867
-2320
7882
-6096
80449
96149
3385
9919
91969
7210
88879
-77117
81189
85689
-973
-60017
-4814
1341
45517
-38417
4325
-16117
-2385
34879
-4694
-3781
-1842
-62517
-4760
-3313
7900
6544
35869
364
4596
66549
-181
53117
-6262
-5327
1067
-6913
67279
44359
27639
-628
-1840
97717
58419
3727
4109
81617
6423
52017
-46817
8763
555
6995
91917
9058
59139
-1875
69809
10129
-923
4591
25849
103
-2990
7189
35069
20789
-81217
-7165
5730
94909
2110
-59817
-45017
-3364
-85217
91817
82417
48739
996
-7435
-3583
5296
-4466
92039
6416
54709
242
39517
57119
3749
35017
3799
-4792
95017
91419
53659
32317
23819
67369
24469
61817
2298
78239
75889
81029
-6244
31917
-1483
8730
454
5676
37119
53159
5275
57029
7623
99809
-14317
99359
87329
15989
-37017
11309
12799
88819
71217
62269
-2238
-274
14929
-9476
26199
13359
-20917
-5493
52249
7078
314
-55817
64249
-9000
39759
9797
-7348
7909
6056
-4914
-6120
53939
75019
-62317
-6977
5629
71949
-9746
8315
21629
6134
44049
-8888
88717
-35317
54309
61359
29609
84817
30429
-8551
-4653
-2642
93619
-2420
38139
6228
293
9674
7436
-50217
35559
85529
52079
4988
94389
8295
68669
2751
9079
87249
15369
25609
-87517
5928
-79917
71259
764
3672
84759
-23117
8184
-9960
13439
-6114
-4454
526
96369
-3214
-251
7289
-55917
-1194
24917
6057
-9193
21529
-5736
12829
-6966
40559
-8844
17859
15717
83017
21149
93899
92639
-66
93999
-8130
21217
6978
-3014
78359
17079
80869
-93317
12309
95859
-3640
8050
2354
72279
35109
64169
81969
-80517
-43817
-5605
-9711
-32117
10739
59029
-24717
5892
-79317
6345
73699
89129
8087
7903
72379
-90517
2579
869
93089
9564
63499
-1314
-58917
15317
45989
-21117
37229
-97817
62549
88369
-1228
33517
27019
53217
25539
40719
56417
9650
69017
82479
762
71389
17509
-58417
84889
18717
14129
-6429
90549
9847
9671
32359
16917
-8412
74259
-3099
70917
-4260
38789
-6842
64399
4408
27579
5526
32017
97617
87479
21979
7285
51629
43317
-92817
61969
72619
-9879
94879
-80117
63639
2051
76149
2400
-5481
-19817
4101
-9412
-5023
45339
-23917
1779
1198
-9812
21879
64317
-8281
7085
48417
76749
39869
315
2103
99459
-28917
67417
8904
40329
-1003
-7624
-33117
6201
16009
646
9933
-4082
8197
1171
4100
4647
2866
-2607
28429
27717
-62817
93289
262
8699
1908
16529
4878
56599
-52
4096
39169
-8955
74999
66529
14139
84839
-612
24909
1610
68459
86679
-9902
5744
39717
-3773
2983
-46217
21509
48129
86489
-3182
98849
32109
-3676
-198
5003
13209
37917
8020
87799
2639
32589
7897
36259
82469
-42217
783
52419
22717
902
-48617
61779
24569
-46317
30009
35959
69217
68039
-1612
68369
-4714
-11
909
3670
48479
45219
9279
-5012
-40817
-62717
-83317
5459
-8156
-5962
-84617
92669
-2336
-7722
-75217
2822
88139
72359
62419
18849
-9756
2188
12917
-8557
-5876
3357
42639
7464
40349
34949
7059
-83217
-1312
2623
-3066
834
2988
23279
10519
36889
8669
612
50217
99509
6731
-9735
3343
2330
10909
1039
6189
23979
77909
4958
-9838
-1302
37417
1483
-3106
69189
96279
-3490
-20517
-3009
64209
53299
-1288
57169
193
-18617
-6193
-71817
-7939
591
1693
9740
6923
90699
-2812
43889
7307
-9436
2353
1860
331
42279
-1845
-76117
92329
34039
53559
-2432
-1108
66317
-483
86117
83617
-4064
43989
-46117
25309
-7633
-23217
-9816
54619
-82717
-9375
7451
60417
6919
-7778
-9556
19919
66689
33859
47129
97139
73579
-797
7725
29779
-444
6619
-15317
5147
422
-1713
-9329
5253
-6659
89339
-4458
1862
98289
7356
-9652
79999
7305
88569
2252
68069
-5534
-9294
-5676
-4816
1853
10399
-17917
-34417
3716
8599
9167
-9306
3834
5916
1257
84317
68319
6061
44317
-7866
34599
93317
54419
41917
2578
13749
65479
-8107
53519
56139
-5071
36999
-2668
27169
66399
7034
46069
-4467
-2914
-1395
51069
21649
-7028
82917
78659
-8872
8635
68379
4272
69409
-7356
4933
40217
47117
-2013
2223
-65317
8789
132
10417
33617
45117
-1584
-72
18009
41139
24169
-7039
7845
76317
8347
-68317
66279
58119
2031
7468
8043
44279
8717
-413
-4009
37717
233
86159
-8968
28209
97829
6677
-9612
96849
-8966
96079
4219
-84117
1706
203
47029
79429
-6991
70517
-735
27439
40139
71629
67917
96089
70909
5156
6103
26917
61409
34617
52629
-24317
-224
7992
52
84729
-3373
96949
-65
-7143
-2546
53289
71419
5230
25909
36399
91099
98717
4682
-2020
-1763
-3058
-5068
74017
1114
72029
-8294
34209
85699
-105
60119
-33517
98217
12279
1545
-6391
85419
-3311
-5100
39729
3948
-8514
1209
-66017
64549
5507
-4831
-6187
92399
16049
68349
5044
65959
17617
11149
8632
20689
90
-296
21139
-81917
83909
7666
26079
273
67399
-65817
-417
8540
2214
17009
93419
6892
2507
59769
-679
52489
17869
72049
84917
32417
81317
-8502
15629
-32217
-83617
26717
6902
871
1509
57509
2605
-91917
4327
-9479
90059
-497
4399
22409
-8139
57829
1665
1082
24879
3379
34729
66679
9068
87639
-8222
78117
-401
91449
35519
-82417
94139
-57317
84669
85389
-4612
-7710
12589
57
944
7287
-7352
-5049
78139
93117
81439
-1325
68617
27817
62917
-3846
88559
-7847
-7060
44869
71529
43799
-4871
93717
79169
69517
9762
1993
45049
7525
8481
48209
9370
104
50759
69917
80629
-8667
-4580
-70517
29469
-6312
-4464
4809
9769
93069
32459
-3728
-74217
-32717
68169
68059
111
3865
65059
-4252
67517
3269
56719
-11017
62259
28109
2224
-8151
-5072
42239
4025
-7877
8614
70717
43339
313
69489
95699
72917
7123
403
64049
6078
33069
7929
93919
29317
6692
2219
-4928
-702
-7078
-1056
-7127
1535
-1162
-3087
92079
575
-7580
15799
31659
9169
7241
-91017
-853
93049
55419
42499
41929
8159
-5037
261
4291
60099
61589
7004
-38317
-3359
-1932
-9050
1312
48219
-7641
9675
74217
-7414
924
-4983
-94917
86829
10117
20929
504
3165
-1710
-2968
9434
3628
60029
-92617
90029
70249
9682
19899
5948
11989
9585
48717
-7114
30129
-26617
96939
45879
8825
-2380
52019
2483
28517
14189
-9002
86569
-4175
90089
73917
6316
83417
5312
-2182
69249
22099
50619
1674
1438
-29817
1188
-55217
-47517
28829
5809
27017
29599
62929
-8858
58069
-1646
-9113
39479
92629
4058
-9788
424
69869
-82517
433
-2163
648
6242
-3972
7689
-36817
79917
-97117
91839
-2863
30419
6976
862
4349
-85917
-9400
58049
16617
16517
9133
26539
-83917
-313
33539
3539
51419
-70617
854
28417
-5772
17339
-3412
11779
7371
-64317
-7226
2519
10969
51459
9336
33009
-63917
-37417
65017
17959
-48217
-40417
52799
566
9788
-869
-73117
-1214
98519
75017
7762
66219
88317
-787
-668
24017
2528
99919
-6092
-41417
6842
31169
79217
7957
58819
63117
-3112
41179
-94117
39039
69979
3049
98409
-2614
4826
3169
-6055
9069
8858
55429
5238
38817
26059
-3542
-8772
8573
67719
52617
-9414
19909
-2209
-9314
8774
36909
18959
8879
-91617
70117
9889
85779
49469
-1513
-8723
35817
49917
96469
81749
-33717
19429
-1433
-6749
68409
73799
-8881
7076
27909
82929
90309
-3951
77709
6483
815
-3211
35119
74919
4551
9806
3889
76669
2169
3170
2989
407
81369
40809
20117
6510
1102
-2362
7165
-6385
62369
-1827
85469
92679
10329
94409
58617
963
45919
-6675
6139
88299
59779
43517
61669
69989
59
-6831
-3485
-3587
-3577
26989
-8860
3839
92309
95399
5685
-333
23517
88849
76939
6965
63029
-99617
82609
51659
36109
48039
54029
28939
-7564
35217
3416
-1578
71269
2195
72309
2421
-72717
56369
7070
59619
71579
59369
-94517
-6754
41249
10189
34139
4638
-2029
80439
78759
85949
-26017
97499
2769
90799
73609
75589
67179
3161
133
-4494
-7567
-5360
-6908
72459
-5241
5508
-1910
49979
48117
-3200
-56217
-913
30517
97029
83849
21079
86479
59609
17459
1717
-2482
-9313
-3290
3600
-9587
5679
7888
6867
2136
6944
-12917
82769
-2981
40
-5486
7428
-4712
64069
1640
23417
-3155
76019
35039
9937
16419
-4687
46817
37017
87389
19017
85769
88617
70579
88719
64839
11739
-515
12569
2244
5630
-47117
5046
16799
-7313
27189
28917
-3460
73139
2900
39639
-684
-8592
75029
26559
33819
46799
835
-6881
64017
-6031
60379
-8935
27617
61909
43739
5595
8132
-9699
-796
30417
86559
17119
-5017
88129
-44917
40017
2133
4365
55859
37549
41169
47169
7997
-56617
-13517
25769
19839
5313
78069
-3740
11419
1027
3489
42069
11169
-11517
71939
19169
18679
850
-8212
-34217
4593
64019
5439
-2499
53369
75329
196
-9943
8484
-43617
93859
82089
65239
99559
-85717
64517
-2713
33689
-39417
3842
-286
7622
10317
41889
96389
-6268
12329
76679
9669
286
44009
8456
38717
82219
5262
92939
8939
58059
45917
40799
-2387
-1208
-712
-9832
451
65259
87517
59217
4939
-9983
544
97117
46717
-2891
5949
-5969
932
47409
8677
-5065
73029
-200
94539
-57017
2026
6271
44117
-9013
1333
-44
60589
55169
59817
14617
54439
-4213
48959
-1989
48409
53617
-520
754
67009
-9262
732
-8983
49919
86739
-20317
1269
84199
41817
-2014
7672
59117
-48317
54849
45949
5833
11117
36317
36119
-4243
92499
-1032
96289
-6113
4086
57589
4719
53109
98859
-392
-66717
-5365
15949
-4113
-7963
45429
14939
13
-6185
5081
8230
-9393
7438
-65917
42199
-6404
8649
29149
71359
3499
2760
3980
-5402
65917
65617
-74017
44419
23617
532
8144
9790
-8990
5021
-69517
3825
-5867
5099
-9235
9876
88917
74299
9834
73519
3546
55759
-7044
-649
741
17017
-2312
4285
33829
10629
28817
26169
39659
75729
70319
73717
-2202
-2391
13389
5871
-1753
85849
-5357
-97517
-9506
-27
9142
4757
35159
87359
2087
30249
-2441
-8924
58389
6434
-2412
92529
-3813
88029
96569
4353
32517
33017
89189
6459
55319
54229
15319
47699
15749
-51317
58417
-1658
84589
9977
90239
92949
72909
72079
-49917
-70117
67617
5486
-3948
-8377
12169
10609
16769
-302
-8270
-5494
49717
-90117
343
19009
8586
-6040
28359
-3480
-6711
-2424
29999
-34517
56299
85759
-6541
50869
718
-713
-91517
1723
55217
64349
-7744
-14217
26649
-76817
17559
22139
3471
-98417
50989
3371
-4805
9910
-8150
-81617
67919
-4735
41519
8394
37817
-8797
42009
89819
10349
1759
-9222
-9336
18949
-37917
5011
99599
74717
40169
-9359
15229
6542
8576
-2933
-74517
-7706
77989
4043
73
2189
-44817
10817
85039
-2309
68817
-5381
-7185
3933
72749
-4567
-47617
-3228
76179
1015
42649
98929
44929
-2912
-3404
77517
19869
4355
373
2019
-6573
8143
7300
85299
59679
-85517
3542
2891
-7513
8029
2468
-6809
-5505
-7736
-90317
-8155
4500
83729
5818
-5483
-5270
22917
-9656
58117
8647
87949
-80417
4768
97409
-3181
972
37219
23209
3760
96539
-6180
9773
85479
5725
-4249
322
6639
-2031
79417
-1246
37669
14679
76699
6893
3555
-9303
-1161
93579
64617
-1307
26759
1049
5071
9643
5076
-2889
-97717
5018
3659
-2946
8559
51317
95909
-571
25479
436
5819
17669
1621
7401
36917
-35517
-8554
5729
72519
51749
2095
-23317
3793
-6668
57999
27519
-7611
-2178
29019
60217
78579
60549
24579
82369
28119
-5507
6940
-4859
1471
47209
-1104
97917
8779
92189
-3102
7270
-47917
46099
2864
8093
79899
-57
-5061
6699
42729
-7790
-59017
82979
-9897
614
-8820
2241
70679
10079
44
90669
75929
-752
92839
-2270
809
72517
-49517
-1917
29209
82339
89917
56289
992
6224
9909
-50317
35349
82569
69417
96979
4607
214
-63817
-1322
-85617
54317
4029
32117
-78017
86959
882
6747
2499
-52217
2190
68329
94609
9197
89509
-9609
78917
50517
5211
-8814
38359
773
74517
67079
78617
44409
18529
9182
38609
31629
90517
46117
483
5709
84717
88979
-5577
79817
5912
5227
29289
684
10169
-8920
36679
-21417
60929
3887
60059
-403
-1938
-91317
41119
88629
90259
-8464
4805
79209
-3456
119
5669
-64117
6112
-8611
-9098
28459
48529
-6324
-93817
2957
55639
1482
-6203
87239
4199
52289
55779
97959
67717
-36617
-28717
2887
44029
5636
83039
263
37939
-1414
-8292
-4605
-1218
-52117
82899
3368
2081
6606
58839
-5163
28629
7763
72299
83917
49589
91699
85189
-9571
-1719
38729
59249
-15917
9866
91717
3456
2841
37529
54719
-43317
25619
5597
75359
54017
4776
4744
40417
29869
80819
-1653
13329
1439
29269
-8061
-9591
-43417
6419
168
-78517
21679
88479
7662
3645
81469
19319
92599
-7777
21917
82169
259
-92417
-8583
41149
2953
-9998
93349
-3549
6899
7097
8582
9329
-9465
6213
18159
44589
90649
-5378
7824
-20117
30469
-4556
11799
90689
2532
84417
1319
6519
1724
-83517
9967
3010
498
8480
843
29499
4827
59017
-5567
-63717
582
-2455
4555
4265
453
17109
89299
-3141
49417
66717
-2964
53879
64939
8644
-3716
6122
83709
36309
-34317
-9177
89989
99049
77
81509
-4863
47119
3999
-3771
74959
36499
26029
66999
34649
78017
-3953
6012
-6112
95009
61659
33869
56679
8604
93569
844
-7112
7876
-8244
95809
11499
2742
65539
29617
-3947
-4537
53989
-6229
52139
65769
2329
-7994
-56817
91317
5159
-2277
60917
-365
-31117
91709
-1113
16717
85879
-8334
82139
2470
765
40817
58529
31429
-6411
642
86499
-1671
-4894
-59617
19419
21859
90809
-6154
50117
2750
-2507
-9949
84979
27229
48969
7260
-1902
93969
15059
60879
-9713
9509
85859
25879
-5634
75009
31229
82329
82017
-2231
-5686
-45617
-9820
96809
65717
-7387
2728
-8014
31479
4431
-1004
-666
-68817
66209
-54917
79139
-9813
5870
68119
6821
-2917
93929
3108
87317
-2753
1109
41117
5269
27589
9567
20919
85329
-968
-7268
-5093
9733
-52517
71317
35517
-3690
16549
51417
1783
-1141
23309
-5698
66799
1910
8688
-5524
1212
20999
7009
-7332
8027
41849
22529
-89317
26017
-1156
-91817
1659
-3323
-1324
-20817
6152
-2069
67539
43139
24929
-15717
60279
67959
4258
-8519
-5214
3879
-3914
-19217
82349
-659
36639
-7801
66669
-5152
79919
-6544
84539
35629
9765
-2693
-5132
17819
19617
-3701
-8838
442
79589
83029
-77917
34569
-7088
50249
-58017
4277
-86617
73379
17589
49669
-72817
27799
63399
49017
1823
41859
8092
-4804
-18517
6846
-67917
56717
-9209
87259
3237
9987
58109
5239
8501
-5016
95499
-1167
5710
6217
-65117
20417
-73017
92359
-8253
47517
-1918
913
-2835
59179
9383
77539
2080
-75417
7015
29689
3448
4253
86519
65009
7759
67849
-4132
16449
17969
493
9017
92869
19217
-5613
2796
574
60269
65549
-3491
666
-6258
76129
26979
-94017
30209
-66617
40989
65079
-95717
-6380
-17017
-8475
-4083
31559
90817
64829
832
3130
1729
34917
12909
9619
95229
-1362
70817
40419
69049
9902
7799
66289
-6513
-1469
52969
-4892
8119
-17717
46089
52517
5815
3047
79029
4150
-36217
84
-8962
828
-67317
93739
-1417
24079
5917
59717
72989
4574
23217
-6542
-1245
568
5689
-8226
79649
-58517
-63517
-3865
-3721
92379
7000
3329
-2678
-1927
-9664
391
302
18249
34099
63999
3020
47639
83439
-2624
-35017
11829
5966
-22717
6432
-516
55679
20217
-21917
5245
-6539
19879
17517
-3376
86649
-94817
72109
6032
2069
6178
-8284
-48417
-6681
26599
94099
17579
75639
89949
623
97629
8207
-1550
-1416
-9807
-964
64817
10369
36469
56219
-6135
10459
6999
3409
33817
82779
-8009
8399
36589
1440
8299
8993
-83717
81879
94669
-3833
5672
-72517
51229
76969
57317
54279
-7149
982
-8734
1804
4905
81169
372
8160
-75717
4994
-5820
-9779
56517
-1354
22009
-9830
5058
252
-4912
34699
54417
87049
922
2509
40149
9724
74929
8580
942
-35117
44499
80817
52579
-5689
174
55017
13349
-9762
51099
36969
-4976
5874
15559
-8686
-835
1479
35459
9569
5839
6829
31919
26499
2723
20959
5329
6859
6845
-61417
78317
12179
54859
3238
73217
-7728
1956
65517
64929
58429
-22417
95869
-1283
76049
78209
77489
73669
-4315
-2004
71799
-5556
4077
9338
33279
68017
94717
2840
-97417
3959
-7372
62539
4864
17699
-21217
52439
-4419
-42417
62879
392
-112
-39217
4459
-41317
2713
14449
60979
15379
70589
301
-4886
-4913
-841
-7657
-1745
97699
-50117
22539
64217
9444
35239
21417
72439
2764
3572
19759
-3050
36819
9474
9027
51399
47109
45589
25317
54917
-97617
23039
-35217
1166
5954
15017
-3880
-4978
-4313
961
8996
-98717
-68217
-3091
5776
47829
-4719
92217
-3209
85117
5837
18399
-504
5177
1580
51249
12039
-5331
-1136
7454
6019
57139
41989
74579
-9382
-2373
-18417
26329
60329
4106
-5803
83319
-12817
3129
75319
-6813
-5813
-1661
6884
8150
-9642
-2778
7720
7920
70849
-22317
4608
6330
1879
-9495
25289
892
97419
8009
-5239
5643
77819
71169
98879
-758
56899
5283
-9573
37849
31319
70229
57117
-31217
1384
82117
-4206
-3848
27789
814
47649
72617
-33817
8049
-55617
43849
33739
-7105
46549
5053
4825
12417
16659
-8186
-9370
6215
-3043
67199
88999
69717
-67217
8170
83479
1309
-67817
-7694
5568
85817
-1606
31317
78639
67317
41317
464
62379
57517
-4109
82517
3066
34659
75679
6949
-4396
4407
8405
-6528
-5869
21349
-4408
-4287
8337
14017
7279
951
-24917
7620
-7601
-2913
5723
-7881
80389
13579
73689
10549
-2445
-1014
79689
21309
1742
-5516
58999
69919
-6412
-4484
937
84859
-33317
2332
18409
60299
-20417
33749
-6415
-8861
7849
-45817
3257
71019
-9963
-96117
84479
224
-1542
-7942
87299
8505
78879
-27917
-7460
77317
-7157
74309
83889
66179
12017
5969
83839
142
-89717
40659
-9309
3676
95119
-8459
60799
21709
20509
-3902
85309
-10517
5720
-5468
-7442
8269
-9499
77099
-6812
-8026
26629
92889
-7976
23159
97529
60719
-495
3399
-5291
9239
83317
-8314
53259
61319
98069
1834
8815
-74417
3263
-2413
83999
-68517
-6035
35389
8356
1827
45259
70099
87719
98029
-7051
-7315
32629
21519
1512
86539
5300
593
-39517
68439
7664
8504
14329
-11917
13969
90409
-7018
-53417
85019
-986
76659
4318
-430
37579
8477
93217
-62417
40049
-89217
78717
-6512
60617
-8161
6449
-6342
47849
5877
82299
16129
3541
46819
5431
71009
3153
7050
7215
2132
3669
235
4130
624
-5113
-50817
-7718
7444
12229
-2478
-7091
63929
-3671
-8848
-2706
94049
-1919
-8371
3413
44399
-37717
-2859
60259
7130
8859
-9214
-9760
-82017
-904
83179
-9006
87817
6529
93539
-3871
-6419
43417
26379
-5244
2437
41019
75669
34289
-8479
69817
5346
73449
4259
5812
35617
2711
-45217
-2898
-8873
66949
-6840
4011
75899
-38517
37279
59617
6792
70049
-77817
-32417
1240
-4945
86017
5059
29717
6993
6212
6959
9094
40317
-7811
6749
5890
68417
39569
2759
5441
5571
86349
75299
44969
19917
9113
8926
-99417
-2102
52869
5722
-6139
37329
-57917
19309
6244
2339
-8594
-4791
15619
6524
1520
1902
77319
90199
80829
5063
-2852
7835
8664
2309
5276
39829
-54817
89479
94899
64029
88517
-29717
33479
-13217
-75117
-9162
24109
49599
68917
-63617
-7229
29349
22129
66699
10699
-1112
96199
43109
-15417
33979
4189
-70
87209
-86817
5032
44269
2006
4132
98417
-2160
3109
85017
34379
-8929
67419
-8476
59899
583
-9730
11789
2899
5639
-55017
70539
31039
1451
-6213
2614
72017
37649
-3378
1159
43
-3160
2396
59749
4134
-4546
61919
26479
82189
-1087
-1413
6562
6278
8290
-2044
38779
64259
3588
7534
76799
56529
7409
-6222
94859
40219
-53617
-9972
19989
47359
49569
72417
1021
20479
73779
550
8522
-2725
13529
20369
99749
-2572
55259
93799
65509
2738
-7131
36417
-3083
9359
86779
-584
72799
27429
-6936
1531
-458
3554
94349
81117
42749
-5395
58369
60949
-4813
5279
-1464
-87317
98817
-1838
4603
64239
6426
-7666
-1548
72179
67489
2023
-37217
77049
78369
62
1822
54117
-60217
-98117
3667
85217
55289
-27317
7179
75217
7447
-8840
79469
5697
43189
94849
-7500
5951
-5741
-3163
-20617
-9742
90369
-8137
91379
-717
17849
3906
-7161
-4924
1343
-1180
97417
1713
-9265
7645
35889
42517
29309
-3670
70029
4840
9417
3247
1334
-1874
13109
65759
2272
4922
-2762
83117
8795
-5436
57417
17709
80859
13949
1989
-3129
61509
41409
79579
-8247
-839
-99817
78569
-1428
994
2322
29759
79599
82817
-7213
35099
66079
50139
-91717
5277
-6049
76629
11417
25199
39249
14899
94949
53449
56579
-9409
64889
77979
73649
61889
42379
2419
58309
-3307
-9376
4371
64117
-472
37099
8952
57579
-3027
9764
-4007
56439
81609
55249
-3814
37709
592
65649
384
-5646
67017
-8957
61317
-5359
90417
-84017
47009
91217
35179
4225
-2397
67049
-1106
28269
14717
53717
42
-4982
9067
47217
95139
-28217
-47017
13869
45249
-52317
-3714
-7113
79317
-68717
-38617
-8147
6435
-2283
8708
85517
-84517
883
43117
-9780
92
85669
-3527
63817
-4563
49419
-2793
-4279
75619
-79217
-25217
-519
86369
74779
47789
-2677
6582
1122
24699
-3910
-8763
8621
63689
8181
11017
-3709
7035
9155
55739
-4241
3322
4925
-75817
31569
24769
-48717
803
-2662
26489
-9619
-49717
-2317
43839
7236
15
-5262
-66517
21789
97769
83
26889
78919
32979
18329
-73817
-2224
61179
-65417
-8172
20469
61517
50439
61799
4854
9404
1780
-9576
52459
6234
77029
3179
-877
52817
6587
-1269
1494
-9919
9271
35759
692
53539
-22817
-7014
-1891
-8077
-4664
-9480
-5086
4967
18689
74949
-6212
48317
780
9547
7025
81217
25509
4631
-3860
63319
929
-97917
-1272
34517
63739
20439
57279
83399
-8468
84459
45899
6532
53139
757
-4649
56999
9647
-6712
46539
492
3846
-4496
-5305
77017
9727
57189
89959
6831
9037
83659
49869
-7058
77617
1120
6089
-5580
55769
-7643
2829
93359
42929
-8612
96059
82489
1065
38969
87117
18229
-36417
-3604
3921
-3832
-86217
59959
70419
3417
-5413
-312
82159
-6804
123
2482
76717
210
3706
-2256
-76717
8325
82319
4087
7890
-126
7948
1322
27669
2489
-956
86617
72217
-8012
23659
15069
-3679
9559
56749
82409
-6670
-7046
-81
79559
80539
59589
47017
11259
30709
5796
69779
9689
55379
-6830
2938
7265
44017
6979
58799
-1478
88839
-51217
-46617
-79417
34159
-4823
-65717
39709
40379
5418
82229
-84317
-19917
3688
55817
-61217
-453
-29417
9183
51139
-43917
-43217
15009
-31617
9548
-9106
79569
66709
-259
83579
-2148
-74117
-77417
-2505
-61917
2273
-73417
9076
90859
-4784
30917
95317
-5013
89549
-6996
6175
5148
-9179
78889
4560
-2955
-7696
-57717
9173
2199
-80317
8613
42029
-2291
-54417
-3054
-4683
62719
-22217
5280
-1994
8951
42917
6182
4969
27559
4698
-920
1866
94
10429
60819
6218
38809
45679
7136
47599
-73717
43399
39719
26809
40729
99169
25329
34117
44939
6135
69649
16199
4252
-1964
477
21219
93517
61479
-4614
99319
-2514
702
58449
13617
24799
12869
-4762
73009
-993
-4521
94719
4175
-3826
85989
79117
6820
-80617
3564
4302
79779
22
86759
31369
75559
-4958
65439
93249
22919
25859
23917
5359
-4512
1043
21839
42369
28017
94217
-15217
35329
-37517
-4852
65639
-1651
6683
-78417
36239
-99217
-6817
28617
-59717
34909
-7743
94939
45717
-80717
2179
-1027
-3103
62417
-6705
-67517
9277
-82917
-88517
-8765
-19717
62519
-8719
45617
-1629
40829
86517
-3889
11917
462
9758
-8526
-6666
7508
2977
-8914
6717
98149
50417
264
96189
-12417
-30817
653
1229
62359
24019
92749
36099
27129
75249
-851
9229
20317
4430
25217
-16417
1939
23559
-33617
3018
51349
42549
9686
56919
1031
-6696
6153
-25317
1861
57449
-9195
-28417
-86117
71609
28379
-71617
-13317
96429
8279
2046
7579
3259
-6924
72979
2893
-38017
84449
-56417
45689
65809
75339
98709
9319
-9712
-5594
37429
30449
-479
-8671
80517
51299
71819
-84217
9911
4989
30479
89579
-4946
-3502
39417
-1257
434
-1576
-3037
-85817
72939
65969
94689
-44617
95819
9077
66419
50979
6684
-9993
-3744
312
3762
2040
15959
26909
8229
-9639
-42817
3089
5537
51019
-8084
-977
22517
26669
60069
92449
28079
76739
-28517
32989
61717
-31417
254
89929
14499
65419
5939
-951
-10917
16609
98369
-8886
48239
-3028
10749
-52417
-8900
-1714
71469
18029
25519
47419
-1243
3708
4250
91719
13829
78259
-7763
41617
-13117
8348
61749
85999
-8432
-780
50599
91617
82717
9757
-69417
-2272
28869
-99717
22029
9986
3453
8341
-5188
-5781
81419
39117
-5871
68117
-2192
2194
-6396
-34817
10709
40129
8831
42119
98729
73617
8767
37419
9397
-39017
-4228
-4522
-6414
-3698
197
-5912
97979
36659
59417
632
-2457
3590
94499
99409
-7490
17019
14417
35717
41579
2600
673
-3599
73817
-2138
80249
75117
31217
19969
53429
-6153
-41
-1581
-7288
-80017
-39917
88909
-613
4009
-40217
9611
-1527
-93717
19849
-43117
-47417
-6393
-6137
88499
-2347
-9625
36129
636
92239
15389
20129
-7106
-2260
61549
-2313
81017
-2858
95217
61917
75917
92929
3239
8413
38989
4703
8403
53339
-9876
57217
28529
-31717
9709
4308
88209
63489
7770
17949
17759
73979
-2637
18799
97059
66629
-3603
1746
904
34369
82499
6847
-20017
-98617
-2814
4810
57717
60459
-71917
6356
77059
-27417
33159
35619
-68
7993
17279
2732
-2606
-2625
2039
1589
18929
6660
61189
54549
91109
96229
68099
-70717
39209
20329
34629
2275
-30617
-1561
91489
45817
-6570
85617
6105
6645
22869
4751
88269
20819
-1813
6279
-1816
18129
-7484
-6709
95629
69117
260
1887
-5368
-3023
95117
-23517
-8388
-24217
2469
66509
7819
-5810
4644
-591
19229
9718
2939
30017
75049
92779
-19617
-3643
-3482
44439
72859
49739
-3345
-2369
-3513
4830
95279
404
-5985
44517
-42317
85369
1676
86239
9705
45209
-9185
2250
6689
22709
97209
84489
9753
84349
11617
8385
363
-47817
-8951
-9323
2909
-250
-394
-1249
-5712
54929
-5949
311
96499
17059
4361
-2128
25817
49119
7713
-1692
24049
-74617
27409
65417
11409
97999
-788
6309
27917
14809
2233
36159
-5403
1307
-676
1836
26617
7994
4363
3278
43009
84769
6556
23049
67059
-93517
-840
34129
-6383
24949
54129
-6221
-5349
-854
8856
-9926
-5657
1537
47249
6442
81517
272
18417
7245
-60817
5413
1199
88969
96917
10069
-87117
-2888
84099
-23017
-6622
43529
9950
6375
-8742
5868
82069
33059
17317
-53217
49689
29079
-7832
-96917
77079
2313
-9118
74317
-8925
45017
-5993
71459
674
14217
23129
69669
5221
20917
73269
-7311
-42017
39989
-10417
-7914
-9302
22017
70359
32549
-5472
513
2367
84339
5502
26069
3583
-81417
-3864
46189
31239
-383
6539
8349
1442
23319
-47317
-1787
-4156
86039
41229
20299
6049
4099
-9987
38149
-6318
8472
2079
-3055
93869
70369
-1212
55317
-749
58517
58879
-1102
3836
37269
-834
8379
10159
2455
7527
54817
172
-12517
6484
5596
19379
-7293
-5883
57369
2089
-4770
8187
47889
8103
51189
80169
77549
852
67189
1519
68489
8056
1177
9817
25399
8232
-59317
43749
482
-5066
78969
-8456
-6354
2527
113
70709
53817
4169
62209
38449
3503
-64017
2383
49109
75517
9976
1283
9763
56917
-64617
21019
-513
19259
72817
71159
46029
45729
7410
-2063
64059
-5314
99279
73119
8316
-87817
97449
13909
9901
-7175
5581
1888
-9661
1141
6210
39
5338
4959
2092
89049
-700
55449
94569
-3551
52917
45119
-7346
42617
82289
-6421
49489
554
88019
80917
52759
1692
11599
-87217
3044
89069
-5112
-5174
81209
5443
88739
75369
46719
3809
2934
-14617
-4617
2888
22399
65029
-4329
11639
8562
17117
-2310
2413
-4907
13179
17799
1699
-3371
-7059
60359
-8871
-2676
99817
7889
-37
-5624
95817
8153
26859
32
-75317
-36117
4709
-9940
42899
84509
98499
14
8343
50919
69479
34639
143
18509
87839
-5404
91029
4311
81519
3944
11717
61417
864
33329
-5421
4485
39289
3100
-93117
41029
8035
69429
-63417
99617
-6887
8606
-2438
-2015
3712
62017
-6684
19579
-5348
6743
914
76909
62759
46769
-4722
38117
53609
67239
5604
38319
58017
46269
68219
8770
-8918
80649
-766
-57417
90489
-8520
-4758
505
85289
28319
55917
14917
-24417
28819
27199
3093
22199
-5180
98529
50789
7231
352
964
1359
-53517
59917
-5092
-5199
-7628
-7214
49849
69859
96217
-45917
51817
92317
72717
38109
-4833
-7843
13899
-2245
39059
58269
84369
1393
47909
53479
50099
8005
69259
-9441
7961
-1803
-4038
66409
65939
2531
2106
20379
4731
5453
6394
85489
17229
-9124
9738
7299
84689
47917
-1677
92269
8735
-72017
16489
6713
-3384
-8414
-7260
54899
-95917
99369
58717
-429
90349
15939
215
16817
8438
-230
93599
28069
62617
-9369
-1013
-6013
-50017
7148
1985
3814
-1120
-267
-3357
-6859
24859
-2406
452
18939
984
8475
51319
743
5934
72739
49249
-77517
-35417
-492
-51917
83679
-4668
-9129
4764
84419
-5014
-4732
-5980
-11417
1669
-6091
794
-12217
-7212
69619
44569
-43017
79729
28899
37569
3728
-8708
15919
23889
-9743
2200
83529
61019
664
6054
25299
47817
-2114
37039
-3330
25149
-4002
823
-500
33149
77869
40999
29559
99889
-2346
33509
974
27919
9419
-8506
90949
96017
93099
16109
-89417
1189
-9614
3510
79769
8066
89979
-2388
-10
55617
-7128
67729
17249
8719
78999
99417
-1130
96969
47417
7169
-1577
-4841
-8248
-1569
-8813
-6747
33117
-32617
353
35739
-9107
-51817
3029
-4740
9350
92517
722
80239
64717
52709
-9145
-88717
29419
6318
-6780
9029
-19317
-1005
8240
-86417
50059
-8868
28769
8068
59129
-5766
-1348
24
-3436
-2813
-2512
-22117
23989
55349
73317
47289
40617
-8832
-8684
-29317
-4341
55609
-4495
-4229
-3363
1628
-4413
87669
-88117
89159
3770
-5832
-8711
-3039
-8357
28989
-13017
-1627
90099
15117
52217
9978
-3567
-6723
12859
13649
-924
-82117
-9021
82217
-1026
82849
8547
6938
4479
49429
-7314
5064
-7194
6599
-30
87617
1418
-2187
53219
-1268
58699
43817
37539
49399
-8788
10017
-7294
20817
-3413
1626
472
50079
1899
23529
-6768
58779
-9457
-30117
-57817
7789
-9210
-11717
6352
5920
-7660
-3394
3367
8907
1793
59229
9537
-5427
5398
38019
8710
50929
-36717
57559
28909
24609
-4975
-667
17817
90229
46417
-54017
5836
7678
82559
36009
-1814
-3204
28889
4031
97149
-7614
332
7655
3882
-9411
64119
5209
-70817
63517
-70017
76889
873
-6868
94109
-4066
-6109
-6195
4867
3039
98829
84079
3016
83089
3394
37799
-28117
2821
89769
9742
83769
88489
-3712
-6353
-90817
9362
92219
-17617
-1274
-43
65789
5929
-9684
-2064
99059
-755
1974
-6479
4379
95189
45449
52729
-2444
-68917
34239
77159
4770
-4800
8718
7967
98549
-7920
23599
24549
634
-72917
71199
5249
-5907
-37617
40689
4859
60509
20499
-9948
3083
25099
5500
92209
47059
-18217
-8614
98589
6624
72679
73419
57839
62509
71309
31499
-25617
-1184
954
19219
29549
-3584
-9627
-5711
64879
93109
20239
42509
72369
35939
4156
8959
792
25639
14117
-46917
11817
72509
-76917
32717
-325
-3342
9518
-6651
23649
-58817
-38817
68829
58989
55569
15517
-1847
4137
-6608
-50417
67809
-74817
69309
-7307
68629
79717
-6956
27539
475
-3375
-2993
-7850
-13717
9242
-5157
61269
-26317
-476
66959
-9620
9049
-18917
14919
53149
38689
39469
23459
-23717
-34717
60999
24979
26299
6021
-4290
82749
-86017
85919
5667
7325
-1052
-427
92717
-2989
-9690
22079
-8985
41429
66499
5849
-1892
294
33519
-6261
44519
7704
-4743
27989
94479
-9297
64909
33809
77749
-13817
28719
38279
90459
96309
-98317
86309
-1374
-4594
10229
27929
-9154
63417
-119
12317
8989
53459
25119
2949
43499
89459
13117
53859
5885
28229
78989
524
-3158
61129
-79717
-4684
89219
2967
-53017
4263
-9843
-11217
-2403
6462
27149
4442
87409
80559
14909
-3437
24489
51739
15669
-6635
5228
-653
42739
-9543
85059
12
-8413
-9527
22617
-9093
-2811
619
-47217
67549
-25817
-5714
9832
78489
71809
4338
3336
-5710
-7714
-3960
47299
-76517
3866
80589
5301
66189
962
38339
86609
2955
74719
90519
7774
-54617
90469
47959
55329
88389
48389
66879
-9083
-6706
-2292
-75617
8775
-7286
-2034
15829
-7947
-8071
5554
-8409
-5989
5791
-54117
-2627
6169
11449
5649
5706
-8939
68729
-29117
-1219
-2939
25617
28289
-42917
9992
94699
-47717
5169
69019
394
53119
-2708
40439
61819
4307
8933
51117
8746
64679
51149
43659
-7712
-8953
74269
-7120
6590
-45117
7228
-6604
29739
44219
-3941
68317
29679
-8199
444
-13617
-6282
33609
-2641
43079
-1412
8249
58159
-9061
-8423
9664
6349
49139
1500
-5891
6273
-7957
10217
86669
5408
2497
-7019
997
54259
8609
-5139
2553
-1579
83517
4862
-5389
-4754
24229
17129
45089
8530
70179
663
-2217
50729
-3614
1949
9831
-4627
7099
1121
5680
41359
-99017
-1134
-5926
-6012
39017
-8513
51209
91589
-2301
96019
89879
92419
7319
8165
99639
6460
12217
3603
-3032
28059
918
18699
72529
31759
54217
-2839
63719
4879
1623
53317
-3804
4794
-4951
5773
-4096
10889
80989
99829
-4317
91117
25417
88817
41217
-78617
-90017
-5979
22699
11939
48699
74969
-2414
-4323
5925
29509
8471
8940
21899
4229
393
38219
-46717
2324
-6259
19117
-96017
30079
-76617
20719
11839
-4827
-1022
93729
47219
50817
72809
38379
58479
-93217
48089
9565
-6933
5480
21117
9799
24969
89659
14459
-69717
11289
-6912
58817
3233
8467
5391
19029
-96417
9110
-6141
22799
-4150
-845
81279
9661
2101
-15117
154
178
-5074
3465
43617
-9077
89099
52239
5664
9325
15779
-77217
48917
4438
-3737
81319
35639
90329
62817
24717
56209
-7896
-3213
70019
31617
76017
5319
16669
86579
56669
2409
26519
47239
-5376
57719
-92517
-3516
-1100
7424
-8982
57619
18059
-2815
82829
7729
-89517
-5535
-68417
-3668
61639
32929
49349
30909
92709
-36517
7150
-9401
68949
49999
16619
7919
-8112
-2314
76617
15589
27009
4155
-54317
86899
38649
-51717
1285
1864
21959
-25717
8395
3377
3859
82959
58439
7369
1357
9729
-9703
35949
-2784
88149
68339
1538
30339
1798
99317
-7397
5259
37117
46149
24529
7724
84117
-7986
-25417
22989
29917
9430
54517
-9390
44859
-9109
63879
58139
64859
-96617
8109
-79017
93817
-90417
-77617
59309
90609
3255
1767
-56917
-683
46489
8108
-9212
-2235
-158
-4029
77417
282
553
-2427
57489
15079
77789
92019
7006
3740
-6256
60017
9200
93889
-5668
202
-607
1639
12239
-7420
72929
9599
95879
-8998
-77717
-33417
1345
-6375
-34117
-4992
2091
67217
1595
84017
9148
16389
71409
-7318
-1812
94999
-9912
2884
94769
43609
-9053
2770
42779
-7405
-6144
95729
63309
6667
-9644
152
89499
75569
80799
50617
-3100
-5001
-8713
2886
5999
2249
-7776
85259
56339
19709
82579
-2038
2847
97479
-1945
-23617
31517
-507
-2176
-6692
-1721
2109
3984
7225
-3030
234
14079
-2924
7345
94959
7596
-5579
7422
48379
96589
68819
-3775
78059
6431
81639
7989
-5612
9369
27417
-9198
86217
77217
42849
-45317
73039
40199
32369
4814
33089
-1512
2954
9146
3159
49839
58579
8161
89817
-6156
68549
67329
-9796
76729
54989
85459
-9090
1997
67409
9748
15549
72969
-58217
4443
36089
2052
-850
-6394
-192
-3791
-18017
6359
-27017
-2095
60539
16309
69617
2034
11729
-7996
67599
82859
204
-80217
-6929
63749
2628
44617
6688
51889
31099
50169
-32517
66939
-619
-449
-4300
95917
-9668
80009
3132
9203
4071
8662
2488
8258
383
40517
-38217
-3110
-66817
57849
91139
52417
60249
42079
12349
5038
72129
9075
98509
73309
9376
47659
98249
2171
4729
6002
40889
48179
96719
-23817
91849
-7840
1182
-1053
77329
-103
97009
86699
55629
3374
38317
52949
1282
76159
76529
-2926
-9073
98617
93917
9639
9462
213
3911
-5035
43789
66619
333
24899
5739
4795
-3922
56059
9925
62799
1133
-4764
463
-863
1281
-12117
96529
3142
75699
56049
13789
39917
4139
2201
36369
-3457
-16017
-44317
-2712
-1656
-65017
-7833
8628
96717
43017
-30917
83099
54879
292
27517
4275
68759
-8897
7026
7019
51017
7359
2799
26509
68129
84659
62589
-1700
8117
86917
9869
-7804
83269
87217
21419
35979
-7818
-4539
-17317
26019
61289
2452
77817
-5791
6418
53569
95919
-1038
42417
47589
738
8053
-91
-5149
-8770
85409
14817
50809
-66417
15579
33217
-97217
12849
7834
42349
34459
33219
2439
-88217
6123
253
64417
7696
304
-2083
80479
-6498
17039
-7013
-59217
64759
8424
1409
32617
5458
94319
-28617
-3514
30589
1897
88049
53389
12817
-9737
35009
8833
9464
7733
81069
812
-4114
16829
-4818
66017
-7166
1952
77529
-9319
3243
62339
-7761
15039
34389
38089
44749
-9888
-41617
-5877
-9014
63299
-2322
5682
78909
5544
-86317
70959
29949
-9736
-6095
-2212
29979
-144
9145
-2335
693
53319
17629
2024
8435
-70217
-5518
13817
8509
73909
19517
84409
69459
8553
347
9542
76229
46309
-3811
99739
39439
6277
4524
6084
1426
83699
56459
32539
3059
61259
-5690
61399
12339
-55317
19317
-42717
-49217
-79817
-3628
51617
-93417
67089
7828
63317
96349
11317
77919
-77317
5469
146
93909
-9463
5149
-88817
-3260
64799
66517
-5762
57019
-44417
73559
986
-9974
-6238
-414
36139
-8048
28959
-94217
1356
-2400
-8279
-7216
5135
74699
67709
2119
72099
57817
7065
-8312
25717
37959
-9914
62889
-3613
52189
92289
79049
-764
20089
90719
-5644
60229
35429
34749
-7795
564
2456
-17417
46459
4309
2601
72639
14517
-89817
-8515
2061
30329
41899
54717
16629
94549
5019
1363
46317
5339
27529
-2124
-80917
57929
1429
-5562
-2732
77559
7875
25729
-6938
2743
-1489
8136
3102
12629
-2709
56949
-2904
74917
85539
-7440
-2615
4390
16889
4651
98749
26819
62499
91829
34969
-1124
763
62069
162
4512
-50617
7887
66817
-3874
48659
68939
34417
1854
-822
22439
68717
98917
47749
8980
-7244
-3114
86429
6805
14619
-2464
9587
55417
64849
5555
1476
3742
-4824
42629
405
22469
79669
7978
2598
97689
70929
24369
-61817
66069
-1347
-63017
-98817
82889
71909
48817
3571
-714
26869
-7813
24069
24149
35819
67229
-1289
-1573
4306
3550
50329
-3768
-8716
62517
-6376
-7707
82317
-268
244
334
88829
6498
633
81717
4183
62809
43429
6625
7795
-6336
-2960
3351
18739
3641
223
4435
-2916
42589
6243
-3957
-49117
75939
77499
52979
62649
934
338
21317
-6964
2361
94017
90217
-21017
6372
-84917
-6713
-912
-16817
89017
29517
-18117
7569
90889
8451
60317
2360
5008
4613
512
8526
893
78817
28559
-4541
7269
144
6117
4569
26049
19717
5914
67969
-64717
-5560
-26117
81089
-65517
-2022
-1614
94079
-8369
-8753
74389
88659
5894
34
-5310
66559
18617
-70917
50739
1992
257
39317
20259
90379
-4536
-8913
-48517
784
153
-87417
37739
7321
65189
-2401
-6618
12619
-53317
-9114
-1843
-6443
29417
494
14629
-7539
-7148
71149
-7591
-44717
366
51489
-6721
-1836
-4142
79279
-1887
29479
8086
20029
24117
51517
76079
-3067
-56017
-57517
-6085
97439
-90217
-987
723
671
8125
-1855
2618
31679
-2220
4281
63579
44239
83259
58199
74459
-33917
52639
7324
-4624
2560
866
38349
88519
6131
47069
8389
12889
31299
-120
5137
-93617
-2801
-40717
6813
-95317
-7117
58669
-6057
-81717
89217
70309
22649
64419
93617
-130
-8641
4145
6586
-6766
-8804
7776
91389
9973
3488
96549
933
3925
1921
-69117
11519
-5713
87119
7779
29169
-6333
-9641
8781
-6634
-4225
7979
-55717
40459
98789
38917
44199
76029
-3205
56609
8377
-50917
-6551
39899
95179
782
13317
97789
54919
-48117
4956
4599
20289
-1552
30717
6427
16709
53729
72009
2279
49799
-86517
-3101
-37317
16479
8610
81619
49217
-6889
7474
7263
-15817
774
3822
68517
8268
501
46729
124
-26517
31979
8753
14849
54
29017
80029
-5565
1641
98689
62099
-7441
3574
-371
184
47449
1342
1499
-7565
-7541
47689
21017
3705
29069
27317
62449
1615
-21817
48709
24629
48049
-9307
13189
1468
42659
80089
15899
-73517
2779
73479
48299
-72217
95717
18589
-21717
99017
-5982
53
-4346
2245
-3040
-3362
-6027
64279
-9473
874
12939
23317
2494
48439
82617
277
5924
70509
-3990
-3812
-6356
50317
90679
8135
42969
362
72317
87717
-7412
603
-5121
97609
30379
78179
31739
70139
1743
4802
77339
48139
9798
-829
2177
79517
2161
14969
87899
-3934
-1923
99669
21479
-1870
-9352
-5983
-52917
-94417
94817
69389
-3779
-7270
19629
23629
49817
97019
76099
4364
226
-6398
22939
-9403
-1057
36189
-5733
-213
-6497
23717
76517
-7256
69499
-5107
33
77899
-8336
-2738
27899
49909
-52617
-32917
99539
-7032
-5568
3946
60849
4054
1570
-8495
-6674
20717
11219
-5034
30617
-4012
31817
60429
4546
-40017
5539
5489
35849
2108
-1862
4898
4159
21469
-33017
8301
6575
542
-9913
-10817
47317
9137
-83817
2331
-1107
179
46017
31969
7115
38059
4609
32959
47809
68269
49189
5703
26549
-18817
24409
13017
3613
92829
90599
3134
31409
45719
-98917
89019
79709
-2139
-85017
-5144
534
-9660
17217
14709
52549
63199
6578
89319
3349
42909
78529
5824
17417
-7249
5838
29339
25017
8884
11879
5419
-1275
-8577
34717
3919
6374
37189
-45517
7109
6954
60179
71417
72579
6715
21759
-6488
-9895
99419
62899
323
6208
59279
-187
-114
9908
87859
41399
28019
31589
-20217
23117
-94317
93779
-2169
94369
39789
-4514
-9131
7647
80309
95029
4020
34349
-9180
-83417
86717
52279
-62217
-546
15599
-6386
1719
-425
283
66059
45619
2088
-1260
-46017
5591
-9280
24449
-7679
-3715
16069
16317
33759
99659
4248
88219
-914
-7258
-4425
83159
55129
69819
97599
68919
-7504
-65217
39699
4679
3144
90617
3709
86019
-358
-3238
-2557
17649
15739
26619
1119
-3563
-9709
80939
602
31179
16999
-9798
39309
8636
97169
96579
7554
2679
-78717
10717
7075
1125
16329
81899
69749
50879
51579
-1089
7884
71617
-8066
-2980
-93017
-7919
-6974
70979
65349
-8013
5194
19249
621
32819
-4609
86629
35669
78329
71679
32599
-9459
-92917
912
4251
-5512
95617
2159
16569
17399
85317
8579
44259
1658
9365
42599
652
8925
-64917
5119
48349
-2997
9047
-33
17909
952
-9785
-2583
3186
9603
16039
-2589
92169
-4508
46669
-68017
-7290
46049
9449
13299
5590
-96717
-4502
-88
-99917
65269
-314
19079
2659
56889
38499
59317
-5526
-5342
-27117
90629
-17217
83209
-99317
99019
97017
31769
38369
9243
89517
73417
20319
27217
-97017
65979
79009
2833
3890
8420
81817
5779
-4212
3759
8073
59159
10499
-2511
-2705
-74317
76389
2181
-1105
-7588
2557
8584
-6417
-73917
586
82429
54299
74817
-6561
89617
-3139
78749
3445
9409
26729
7839
-41217
7947
31469
37049
52717
41049
31459
-1230
87659
86639
-6784
7207
1459
3197
-40517
2552
56249
1469
-5393
-9658
20939
6321
-8141
12639
49359
77717
-2237
2151
71959
-475
-69317
-5498
8709
8398
82039
-4623
30439
3644
-59517
6199
7100
70989
-2259
-4875
-1359
4750
1772
-2185
43829
6387
2638
71059
43929
-71017
474
-340
18279
19417
346
-22617
1505
-5114
76419
-7613
96109
18419
90299
-7176
414
41799
9996
-5198
80809
-1199
66117
61789
-79617
-1676
-8493
1584
42449
2818
-6946
2461
22117
-29217
17379
-30217
81919
36217
95339
80417
1279
86919
395
-5007
824
-11817
-2162
60899
25209
20617
58919
3061
29059
7374
-1114
-9930
2467
21617
-1499
96799
953
-2236
5671
83217
-9027
59259
80217
-7902
-48917
73919
85519
-24117
-2088
-26417
-30417
-3128
1518
56319
786
-5126
-45417
52039
39519
8839
86509
75309
76759
5449
-5553
-5438
7832
65317
-6176
-3652
56649
-8335
5781
-5232
3910
8513
1689
-15017
3443
7690
44769
53517
-7225
31539
56
67879
-5857
7928
-70317
95517
5550
9432
53829
97539
704
9164
88189
94417
906
7154
-8702
-7512
76339
9222
85869
28117
75817
77269
-7499
81779
79159
-8555
5286
49899
26417
713
9600
-7267
-4207
-4168
80617
51569
22629
-63117
-20717
59649
3907
73789
-8490
55239
9841
9665
-6920
19139
4367
-3735
2420
93699
49509
76999
71117
8072
69709
41159
38529
56239
4688
-3772
-908
-2484
89629
-2783
73117
-83017
-3057
5362
83817
-8214
34817
60199
8189
-1524
62229
54759
-4034
-3612
-94617
-98
44217
33339
-52817
15729
48419
7791
47489
26739
8204
51689
89999
2204
-2110
9282
9523
30817
71817
63659
74
48169
16859
74769
97
-1456
-3966
21579
-6183
19569
38769
7838
50089
62219
27289
4052
9780
50609
-9957
-4304
-6861
85559
7740
27599
7829
27279
35229
43779
-2714
9193
6737
20609
8267
-3115
3337
-5513
8969
3000
82939
97259
2369
15869
5471
30829
8283
-95017
75469
-1616
23589
1364
-9765
-89017
8784
29769
2206
-44017
58489
-99517
22179
-40317
24417
19129
-7796
4126
-7882
52317
70879
35317
71859
6942
63899
-6679
-3074
30117
-412
94119
-1717
-91117
5457
80317
34317
76949
6609
25919
97619
-71317
48829
89079
182
4449
-9512
-44217
-4972
-8714
-7101
60699
-8604
59729
41369
13409
94779
9070
8256
46229
-8411
32879
15399
-7086
49117
3586
2172
90619
150
7528
112
6007
-2321
563
-60317
4636
41789
59659
13159
23269
57059
67929
-4112
14219
-728
6861
8281
47369
50229
-30317
-4336
89689
54409
-743
-6306
2828
164
-75917
63189
-64517
-9513
-1403
-7121
35599
-4656
13217
-3217
-19017
59409
-5194
33919
-5806
-7598
81989
3309
-5533
54869
6917
90317
93019
-1308
-4742
99917
-2923
43489
4790
37019
-6410
7158
74039
3406
79399
65279
-4414
70409
65139
73299
-5008
61339
-24
-5955
68009
-2959
-31817
9809
96417
-1226
47089
69839
-8877
6164
15459
-87017
-51117
-16517
-9388
672
-4185
66217
1179
43539
63209
91517
222
-9377
1829
42317
-24517
19089
-4905
9245
7941
1132
5379
6129
50149
-95817
687
1369
3311
9541
-7413
-5861
-5731
19669
1777
-18317
3274
43917
59169
17717
6839
-66317
703
594
93259
-61117
7514
-6129
82
-8622
-1779
3087
-4418
74599
-7749
98209
-19417
-8815
-29917
-1313
93879
8950
5049
-2651
93039
6149
9260
9143
-38117
18917
6190
3099
67119
70017
59719
-2612
15617
73969
97039
604
74879
57519
237
7072
83379
7122
1176
-6038
15879
-7115
9936
5945
7494
-43717
-56717
19399
44059
15109
-78117
818
-5631
6778
319
32559
7389
-6485
4023
1869
92349
4356
-4829
-6330
5309
4091
-71417
9544
-5682
2591
9380
-3049
-1593
-5388
80017
73619
4186
-7446
18549
9002
77609
-92217
4391
43199
-85117
1697
3229
87579
-4518
-32017
3767
-7154
23017
-36017
96909
76269
23
36569
-127
92249
70799
60709
6097
39259
68079
15329
-3193
12709
-8114
51909
4149
57389
23489
-2170
54529
7590
97299
22909
-113
27159
43809
6643
11769
73869
-88617
-7008
-6001
-5215
4937
82269
682
-2147
-2390
21749
-5135
71489
4082
8311
54269
70769
-8755
58217
4323
98319
3765
-9801
68779
-9831
-39817
34049
24119
-7984
7858
37619
22979
28799
3419
61649
-7936
26817
96069
40917
98169
89
9629
87219
-5458
4069
-6014
-4681
90917
822
39769
44417
2803
-6130
7036
6769
-3327
5772
95679
7108
-2613
77117
50839
13059
-78317
894
-1712
60717
-8224
68589
-6270
76649
11899
18709
457
-5919
40899
-49817
258
96517
-1072
983
-4776
74479
-28017
24659
93559
4217
-5800
-6143
82809
58917
-9676
-8146
-5514
-2824
-3201
9734
67869
57017
63009
6955
64269
82679
5606
29817
-2838
-4713
26109
-1012
34759
-5932
-5258
6987
45479
49517
5139
-1613
80789
12517
6410
753
25809
-3806
9030
-7208
1826
88359
710
52069
87417
4458
71589
22379
56739
5447
1603
-5777
1190
246
4942
-3969
84739
38209
5884
66449
24817
734
55069
-7745
9713
8419
84279
1165
2003
2606
44109
42099
67839
16319
-1434
40389
2842
29879
22929
79449
-488
-74717
-8268
134
3972
19179
-9740
-9714
10617
61109
39199
39159
43579
7439
-6613
9896
92817
69129
48017
-95
56217
2825
1059
-40917
84139
76917
-67117
3014
46079
21517
8274
7479
89559
88289
-90717
86409
72
93
-73317
-86917
40117
39339
88469
-5614
17329
-812
476
46389
-2140
72229
-6070
73189
4455
28509
923
99709
-5326
10517
35289
-5147
-1738
64319
3905
4032
-73217
381
-3579
1614
9871
-81017
-87617
31719
-811
7159
49749
65609
-39617
50629
53417
-7245
97269
27959
37859
-9958
4288
-58717
68579
21549
-2285
-60917
69339
31139
11489
73329
6063
4947
64629
80369
87917
-3512
40779
85339
-4110
94517
-3876
-50717
76417
-53917
6753
6339
4803
36517
83609
11719
-68117
-85417
-6950
5307
-49617
10049
-7363
37259
523
87689
1651
42117
12659
-8670
99117
-51617
92579
8790
6382
6823
-8625
-7279
58249
90479
82669
31117
88699
-1912
18429
-1333
-55117
35029
-9267
46509
2373
34669
35899
662
-60517
-3796
63217
2216
3149
48249
-4008
2259
6143
2896
4057
95417
86417
43717
13609
70299
-84417
-2012
-3667
-9640
11569
-3586
-5738
5216
-1210
33839
6525
-4067
8329
17989
-1474
79839
31189
-6832
-6389
793
-58317
-64817
71279
-4314
-87917
36649
-2214
85209
4060
7028
75099
9129
3156
-9654
37217
90717
-2907
2695
19817
-3764
-42517
4119
93519
59849
99439
2388
-2760
87439
-8128
-6241
-8912
93839
63017
97517
-3731
-5025
744
324
21489
413
-5018
9681
-71217
-9680
-1255
36759
46699
9949
38017
4582
49969
75139
62699
91417
33959
9795
5356
66649
25917
432
861
-68617
721
68839
1900
712
54779
-92317
-62617
23899
5582
8670
802
502
12519
-6425
2127
3373
-7095
-71517
40539
45289
-5821
742
183
92279
50017
3530
-12017
9000
-7388
1567
-11117
5991
-86717
-21317
-8125
21119
-88417
41949
22317
52117
-3884
41969
1973
5821
1399
7262
16017
6119
2942
6754
423
-2156
-4097
7548
3637
39279
5494
-4449
42359
-4807
28439
6939
-16217
87429
-3978
80117
-9985
8266
41039
34539
78039
36539
-14817
-3206
5349
-43517
-9515
-9015
37829
39069
-7766
7386
94529
643
4923
-6029
47989
-4384
84217
51369
-2433
33317
2063
9147
6214
1428
872
34839
-30517
-5021
5000
94029
-7596
61699
91819
62019
-212
-8417
-77017
533
354
87017
6229
-64217
99217
4406
55117
24889
45809
45789
-1937
-741
8120
78517
21717
-65617
5179
2232
13517
-6612
-7163
-3795
37617
3529
-2577
-8133
724
-4154
36817
72117
68499
-902
-2870
54199
-6614
-5171
-72317
30819
37359
59517
65817
-372
76509
-2164
28369
-1213
19369
3004
6053
-3079
83899
522
2315
4244
71179
-92017
-6208
60089
78217
-1587
5017
-4949
232
-8233
77629
9999
21699
7854
67509
-22517
9347
71717
-9613
-610
57149
84699
47429
694
374
-3935
-9066
-1392
48217
-7255
2414
36509
2976
79959
31059
8059
3298
9268
7361
42817
6499
1789
12689
87149
63379
35299
5101
90419
4727
-5931
75859
-6586
-6462
90117
83119
43619
1914
24559
53979
-5636
22559
-9070
9414
9784
853
1951
-3314
298
5193
-4153
54909
49269
56639
6258
-24817
26217
67309
-9814
-2585
2620
5264
52899
7119
6489
20099
34017
-45717
65159
22417
67339
59759
-5401
84679
67817
24279
-5212
36779
-6327
-5618
1612
-60117
-847
-57117
7334
5653
479
53017
3392
35799
77479
-9413
-3570
1913
402
2376
56199
-8015
66617
47559
42717
6011
32817
-5882
78549
9749
-87717
40319
30809
20669
-6094
36117
68217
30679
-88917
-3073
4762
-436
7998
-30017
53799
-7577
-6899
6113
54649
36717
63717
-54217
-67017
56419
61759
-176
88417
7198
7197
473
76789
11759
-84817
-82317
60129
-8
572
8820
8243
-9500
943
98919
6872
-82217
65039
-9349
26769
-90617
-391
-10717
45829
7621
-2827
64289
-4412
-79517
81999
-16617
7499
2809
60817
48029
54617
99679
755
380
-26917
55669
54079
1858
-3310
-4501
20199
-5812
-5392
5601
6858
17689
77509
-2208
514
58317
8832
63449
79659
-63317
-8537
21999
6399
12269
863
5610
-44117
38079
37889
-813
62289
-5313
82359
38919
9358
-75017
49649
29539
-1811
74199
-3369
-3382
-5775
62469
58329
24317
9318
-5386
14109
59889
30317
1645
-3854
-4812
4001
70217
-10617
68599
-1652
81389
55719
-2796
39617
5273
-4613
2408
6070
-4529
34069
163
52609
-5414
-6877
6678
-35717
-9691
63
16417
-5451
-1174
9636
32569
43569
44609
51217
22159
-3615
16229
-6313
8222
-5544
33169
-61617
58979
-3530
39559
22349
4949
20899
35879
9502
884
8650
97069
-61717
34019
1222
-17117
8430
44019
303
85717
92917
-5312
8051
-2418
37879
1959
4670
3686
96559
62709
1819
9652
65169
-9119
20517
7372
25899
-88017
89717
34409
6790
-9552
46217
66109
-96217
10819
15917
92117
-185
-37817
-66117
-12717
9929
-6046
24617
-3124
83349
8711
-375
-29617
57689
-55417
86859
62849
99519
91549
-71717
44799
-55517
443
-4148
7907
35469
-753
97969
-7282
98339
92017
33779
10917
29217
58559
-4545
59439
90439
95659
-14017
67169
6412
1982
3969
-7713
1089
6589
6317
-7292
50659
98159
-3879
-9275
23379
-320
9872
97899
-96517
96879
19789
85417
-14117
87749
1259
21949
90017
27999
-594
18339
11889
6768
-97317
51959
98017
94917
24217
-46417
73517
18817
88117
-183
2239
4702
70919
51679
65399
1108
-7123
9589
-463
6617
-309
75159
3714
46249
78479
6016
-81817
-15517
-4072
6114
83989
41659
44339
940
-49417
-98517
14699
-95417
-6314
-9417
-8113
75609
91039
-91417
-5671
-10317
6191
36229
7469
-7559
-697
70417
45639
87789
77739
49619
-83117
52309
45549
9274
68109
70599
2651
48579
70617
27499
88089
382
-926
91859
34339
25759
-3000
2568
-82617
248
6472
18017
212
4777
-6826
6549
2248
584
56017
94619
-6628
-2733
51799
-2703
60629
58599
-4343
71699
2510
-6024
93499
78089
-61517
3880
12717
3820
-9566
4168
227
968
-3912
70999
-3082
-7812
-9344
98399
-3931
-40617
42789
66149
-9585
8374
36017
49389
48289
5530
95299
-60
-41117
46789
-7690
243
2974
6195
15217
-7297
52829
31789
-461
87449
36339
27509
18789
-7093
42949
4615
10139
8215
558
20017
-4761
75617
33639
-92717
-6460
3844
2789
-3855
-6700
99929
63917
6060
5652
1063
4720
25699
29699
122
48989
-9462
-8816
6503
-2402
8362
8393
24479
-8204
89229
18649
52769
577
89417
-9524
66917
93819
8069
75317
46569
94869
22817
7717
80149
11069
-4312
94189
46999
49059
-1944
45329
24519
22059
6409
7908
55809
-4198
-6367
37149
63329
85679
1709
32799
62717
284
89317
6249
34559
61617
813
-5213
24039
60239
25019
-8492
8835
83519
9563
41717
-2802
-31017
25179
29459
9539
-2992
-1175
92739
2277
-8213
-26217
833
41109
4890
7679
-8398
55919
-3269
68849
-6296
-1962
5763
30049
25117
5724
654
98909
94829
-7514
92049
-21617
-3664
32909
12059
484
-8442
99729
13289
-7140
-8568
842
-1698
87039
-7944
5573
-32817
26389
41959
4439
9381
-4214
58129
80259
-4693
58219
-95217
342
-69817
-9871
17319
46917
89399
-24017
-390
-2173
84517
9099
73209
54949
-22917
-6853
97929
2921
-4746
81979
91299
18317
30409
-6514
6869
40717
27179
70219
-2125
-6079
2675
-7196
-107
-2513
-9611
5687
35917
-9950
-6814
-5966
34469
97159
96209
43589
-7486
28969
46329
-41517
76519
9389
-16717
-29017
38617
4456
-9001
7987
-56317
-63217
-4006
-3414
-9204
21269
1484
6663
3552
21389
86817
-1743
33417
56099
83819
82739
5129
2333
90979
76549
7930
47617
-8864
8519
-34917
-6914
97817
11217
63729
15539
39029
-51417
50379
-686
8539
-4853
6099
64979
-8477
-17517
94919
-5997
64379
-79117
-1008
993
-44517
-8302
2175
5131
552
-3842
57799
49409
9944
3221
23009
70317
4668
33469
4723
97217
97239
-57217
-6799
33917
-7322
-3212
-115
5184
5160
24099
76989
-4899
-66917
2059
-42617
70559
57379
71917
38679
44917
4796
2124
7032
-37117
57129
38169
19609
-56517
55889
-36317
-59417
-6123
2099
-4618
27459
-7012
56789
79369
-92117
-9610
-2016
61009
3242
79859
83829
7017
6522
-9502
-6979
3252
7625
20589
81849
24429
35749
5737
12929
-8404
6350
-8545
-6556
-28317
47717
85439
95529
92119
148
8732
5495
1969
9296
37629
885
-3235
-7653
-5159
21229
7865
25319
-9312
3937
58289
12969
-41017
-59917
30649
-4003
10639
16217
57909
-76017
33717
-67617
-7788
-2671
-9575
8263
5142
72039
4279
92849
70609
-4937
81417
-31317
43217
90179
39019
-1309
87869
-8932
66417
6420
7008
88859
93399
2266
733
14599
9219
53917
67039
-40117
2535
-849
29099
48839
-7719
77917
8127
3850
3139
99589
70119
-2113
-8058
-22017
-32317
8949
-542
66
28317
83717
7669
66029
-4398
-6777
4465
6927
56479
78079
-8756
23479
26439
-24617
46259
6605
6173
-5633
54109
54339
52919
50269
-4590
7046
-98017
8531
86317
50349
-15617
-88317
67069
6469
31609
89179
46889
53629
46859
-69917
64959
9880
735
46399
-2855
-12317
29529
-6467
7754
973
-5124
91659
39459
9704
-1037
-514
-3656
82459
7399
60139
52679
67909
-6838
14649
5143
8219
89409
57759
96617
-8182
7079
68249
5989
85917
5332
37169
6193
32729
34217
7234
-7667
11517
7996
3849
62129
43349
-3267
-31917
77679
28239
45417
2739
63039
-4882
2104
57599
-7109
88669
-52017
-34017
-81517
37239
-512
-69617
55517
-454
-6791
63439
90069
9732
-8905
-81317
-7222
-1331
-4730
76569
-27717
-8866
3215
-38917
13739
-9544
93229
4943
-49317
-25117
74659
5067
41517
49317
86529
73129
-5557
-76217
-39317
72549
8000
-5156
1778
48889
2220
-9598
36269
49099
-9514
50917
2299
-5077
7478
-3992
91959
-8712
6873
62309
6106
-4821
2281
63109
24349
91369
63509
29117
22429
23817
41539
-9817
1075
33659
-6413
3449
67749
13089
-8189
7467
98517
-7600
84599
412
83079
4276
-50517
35417
5465
6509
941
28217
98359
9236
-814
36617
6179
-6496
-5658
-1387
9238
8079
-8984
2440
51717
18517
56817
-5410
-4299
-73617
8459
35499
37639
-8786
194
4778
79149
-2080
-8142
25739
-7035
17839
8597
6035
5879
-7764
-2098
-6621
8309
-5920
-1835
28919
-2252
-8358
-7448
8937
804
70529
5592
-23417
-60417
4875
8112
927
450
459
-8887
70469
84639
-395
30459
42017
17289
99649
3627
16289
-18717
12759
43329
789
9081
-4572
6255
-2931
-4022
32217
2905
9259
-35617
-51517
79089
51589
93017
56629
-46517
1347
-9553
-5137
573
-7612
32759
32789
14369
5861
-5177
2667
-724
9429
-9923
-10117
-7253
34859
-25
43869
-2105
13917
8680
-48817
4527
-8264
-75517
15417
-266
23029
29709
2431
39389
6799
6261
-6901
-41917
-3167
-8144
7320
2372
-26817
4212
-5723
-76417
2337
-25517
-5053
98117
-566
84779
56317
7660
6718
-4520
35549
76929
-4513
6724
39349
2610
1028
65217
-78217
-6214
-3686
3369
-2265
15817
78417
-1001
79617
2457
48449
51999
46609
89089
19729
-27617
714
22217
67117
99259
33589
-16317
70069
8436
-5719
-8198
-7913
9284
-11317
83549
-93917
51089
7699
12539
3442
-27217
32939
1491
-8812
-2604
80717
91049
-376
-623
51559
62317
8733
63279
-56117
39217
29819
96317
-53817
24439
-8266
2120
5563
6674
7912
79719
34009
-4586
-4013
74617
-3610
63919
-2728
-4470
-4359
-49017
51049
8322
31717
-19517
61217
70259
192
84029
-9488
-1863
2427
40709
71517
-21517
96117
-9877
97709
41417
-9172
17729
79789
83649
-53117
-562
91399
5166
1017
-5992
58029
-10017
-5278
-62117
54479
77839
-85317
5389
613
92417
1931
4397
78799
74417
57617
84617
-17817
58099
-8685
81917
3466
26517
43919
-70417
-82817
-58117
76817
56149
88039
46689
98719
5559
19599
17917
7074
-9456
39579
28609
562
29159
-2175
-14417
21159
8449
89269
-3013
-4499
-67717
-4370
34029
90159
-8103
75219
12079
22949
93669
76539
54969
73109
84499
-72417
12617
772
8748
9874
50049
-3056
-7909
62217
31017
-62917
8787
644
3154
73339
61017
-96317
85799
33179
66839
-214
719
-6319
44559
53179
8679
27117
-125
73319
-1160
-3077
4885
3455
3117
-593
56617
-98217
18579
91569
5789
71069
7891
98679
-5449
-7273
-7701
51939
2065
-6672
-7266
-9565
43409
-13917
8953
72919
386
-31517
6461
-7925
41629
72709
9451
1265
62279
-2994
15489
53209
48009
-9201
5519
89289
7951
1940
9646
-3248
-5098
49617
6614
7742
274
58659
13717
-5275
45389
-5479
-54717
-4176
-6648
-60617
50717
7677
84049
16117
46359
-3888
3505
76089
-8937
27709
15309
10249
-39717
-91217
94009
92089
-78917
24679
-6714
74649
89679
-67417
3719
26209
6928
-3395
-41717
67449
503
44639
31417
-69017
9998
35969
-3913
7107
38517
44809
6541
3119
48517
9174
70549
79969
91239
-2371
689
7687
91017
4659
16899
-281
205
22819
69317
82379
11239
-2775
2227
64
-81117
25059
46617
3402
-90917
-1426
5759
-2360
18169
57549
-2937
114
30217
-9675
-1868
82549
73017
79389
10789
26117
51669
-8418
85029
1488
25269
-2135
-3504
5096
48189
752
-4275
60517
8607
-2193
62409
5232
44817
33429
98317
48279
37299
26589
41749
83629
1097
42217
6849
60117
24517
3509
65209
201
76689
7449
855
-3125
36299
-5169
7959
-8758
29799
24379
-30717
86269
-95517
22569
-8874
8598
-14917
-7198
7071
1679
32917
1911
85709
-5737
3914
-35917
-14517
2356
5324
91869
-9367
-54517
70379
1769
-7912
-3798
-2393
71109
5376
-72117
6760
93417
39849
8344
47629
4148
7619
30499
49559
78109
-8613
-276
-57617
15119
4040
