33201
-73758
-37449
-56781
42761
-17505
-61923
46479
77691
-21766
-13944
81629
42972
5405
48164
35376
92157
72406
-6694
-17219
36043
45556
-21454
46229
-36269
45658
-72993
-34369
-41036
-12023
-40491
21174
31184
9724
-6974
46118
35820
84736
78719
-76800
17352
64184
-93246
-54088
20581
-41412
-51897
-12626
-76977
-69859
50085
-46628
17430
-40581
-57752
84748
-34098
-92168
13969
-97905
-27570
93484
-98467
-94645
43384
-25125
-76170
-28151
3526
-59264
-66815
-32705
-57912
-33841
-59486
-29621
78347
-21020
-25872
-92649
93383
42024
-49902
-96015
66611
-66788
-83964
-85133
79345
85061
84156
67316
61858
-58556
81341
45616
26748
-17106
-53098
65594
91524
-40430
-62385
-88912
74886
13344
-67191
44745
67459
31688
93513
-72735
-87616
50956
-51989
62028
43167
74798
72472
41016
-29039
-5111
-80155
-61044
55003
88751
-84256
22958
-50863
64936
-2779
-25007
-15063
-9781
-71701
-61898
44761
-93657
56573
72433
-39756
-16499
-92516
21960
87024
-51078
54666
53990
-93774
-98924
-86973
29509
98416
51230
51390
17866
99475
5996
3327
39603
-16768
-45877
26437
-73599
-76923
-82132
53475
-88871
35146
-53544
-38410
71019
-32693
42182
97652
-11156
-76521
-86736
-30073
-90064
57914
2198
5053
-70216
-51668
-62551
-68338
88237
72958
-26452
-12052
-85547
52681
86031
-77524
78234
1292
-33049
373
17528
-30549
40638
-45465
99649
77571
15675
-2915
-20943
87797
-54048
-95972
-38187
-5727
-51421
10733
-93619
-15261
11663
3107
-39914
3094
-33307
9117
94996
-20066
49744
79984
14947
-61618
-9570
-71346
52969
-60619
76113
-26895
95544
-92065
-91264
-92708
-76168
-93200
-22610
-36474
-45807
-17618
23444
-42349
-67325
59910
23249
-93814
39796
-77717
6468
-69344
53523
95954
-38528
14484
48198
36770
-35171
-27955
35425
71108
64874
-5115
-16620
-87595
-20016
39699
60775
11339
55679
64814
81980
-78215
-33709
-37903
-27739
65754
94970
66769
67807
-7719
-84016
-51278
19525
-12643
-20030
48025
20747
-34222
-68744
-11853
-31902
-57151
-23635
-46083
28466
37634
-3744
-29779
91887
-23112
-73069
-19444
-93973
77884
-59633
38499
6875
29511
-46905
-81573
-67047
-28259
-34584
11176
66375
35074
-71971
11070
-38663
10900
92191
-83399
22793
3349
3769
-8488
-57090
-70770
-20595
95070
-77227
-61702
-79865
-36111
-35906
5164
-43957
-83449
-19946
54477
23867
-79431
71631
-64635
-80937
70481
3410
-11157
66230
-16892
42062
-78299
49891
-67582
-4126
83709
-72119
91775
-43766
90571
75419
29571
59516
-76121
-99101
29500
17091
-5003
6287
-94225
-35220
-2548
27083
88931
1943
-78250
-41366
88152
-6804
-52703
3449
-5125
-9557
92264
21483
-69441
54983
-1157
27800
-25279
-38852
-39489
75619
45843
-85495
20487
-12773
-89998
79077
-53016
19843
-71440
-3426
-56878
2771
-20199
-91669
3198
-58997
55522
39338
50724
-95285
31666
-32815
-23413
-65635
7405
32896
63295
28955
21774
-94131
26047
-27083
-36440
-14833
-89636
66681
50582
-89866
91852
-66492
-23304
-37056
82950
-67417
-42324
-605
80336
67417
-77367
-54368
11955
-59564
-75561
-55790
-79434
71703
25609
-68763
8308
-46331
-83289
62605
30181
95569
-23446
-64810
24637
86324
-69606
-17815
-79581
-2786
-96338
-72086
-1245
63032
-41374
54484
-52050
-45252
97741
-8071
72683
20603
-85141
-68896
42951
-63346
-5723
44498
-78231
78901
-40701
-43577
91356
-62255
-56239
8964
7611
-64840
-44587
53929
-3340
59692
-7678
87381
3847
15374
48730
-46697
13130
-73106
15053
-73340
85506
-40212
71932
-65772
17144
35088
79560
-79639
-51569
61150
-29174
16358
-52151
88923
33608
83928
-24276
81291
17456
73347
-23065
28881
-57005
22320
-40963
-6882
139
-43392
-72082
58673
-7959
82611
39886
68966
-3144
86059
-71307
63076
14183
-83659
32983
43430
10269
71418
-53975
-67151
-34115
35167
42910
81443
68223
-36070
-96892
-64987
-11963
-95842
-49540
-56940
-82418
-82184
79111
46901
-69025
56378
32333
41808
67893
-71273
-11363
-93644
-60066
67508
36668
65415
-40838
-33081
-72762
-39053
-88333
-48522
-39492
47296
12158
18089
46096
18206
-34824
73596
89997
2962
44766
-59543
45452
-50510
13776
-85065
-26290
20534
84555
-73427
70497
-45618
42395
-35555
-86287
34195
-35573
32634
-87865
15991
-59973
24786
67324
60089
-2673
-73979
99095
-93527
16853
68932
77068
-86277
-46543
-32806
75558
-34112
-45127
56882
52561
-3676
-71583
-59844
77277
-19890
41306
-44272
31848
68934
-90432
35772
-24170
74776
-42714
85767
-74693
57262
96361
74150
-8866
-35744
31213
79358
-67310
-31088
-28960
-32835
-7452
32422
-44798
42680
85228
45713
51945
84146
-2014
-77713
5983
-1517
11266
-25070
55058
93581
68463
81673
29326
-47810
19570
35066
-33908
-76384
72824
53993
-63978
-55862
17513
-76376
75896
48227
-33756
14239
27056
-15501
98656
-78482
73649
-59482
-92314
-93091
-98983
60045
77970
-12868
50971
-29882
-32180
-9996
82621
25278
47345
-91053
-58961
78762
-8851
16811
-94389
-32881
-91919
-77069
-50466
-90810
5946
64344
-18395
-63082
59069
36110
6421
76130
97794
88444
-85840
-84895
61712
60163
-7360
-88098
97466
14033
35880
92677
76732
-6028
-27422
15443
97464
-96673
27239
-62106
21054
59717
43439
34076
-79652
88222
11329
-32896
-75303
11185
96108
-46735
-43160
-70659
71548
60874
20587
44010
-38106
-20149
9409
-48319
-2746
31789
-48886
-47869
-91176
-8465
12742
-58284
-44342
-25838
-68999
23134
72816
-73133
-1379
46326
-26992
69549
8228
-74903
87325
74932
-30127
26728
78775
26550
70043
90154
48266
93769
31294
-97262
-86532
93416
-65204
-68011
-6629
-9136
40278
-37360
-83525
83637
-46535
74348
-13000
-20921
-13890
-46605
-79628
23983
-50349
-60638
13557
71093
77938
45905
67596
46667
89238
37898
-92863
720
-26518
6645
-54302
55226
68133
-45899
48264
-43285
2863
94164
-30648
19739
-70817
81274
-12058
3360
39423
-11144
40519
-66312
-98003
-86735
-31193
-27361
-22729
35655
-14588
55792
94898
-51963
-84228
69461
19671
-62043
57477
39639
57181
32247
11330
-39185
-78352
54229
37639
91612
66961
71437
31546
-79317
18640
66046
-63085
42569
12115
-22155
11813
76104
78181
25805
-28453
-17172
-77279
-50492
87518
-82407
46830
-44561
-76959
-79435
-86998
6225
-80468
37369
18452
4083
46975
85413
6080
-76350
86487
16250
1189
-72622
-19663
76552
-51550
99921
-29645
-65450
-25337
27925
3055
-54892
-29684
-62085
-67899
51598
-68305
-93324
-98384
-16116
-21705
57047
18688
64588
-40595
90636
3269
-21532
-82290
-89275
-20058
80096
69383
-78362
37012
97408
71668
-94334
32273
-22775
47283
91577
-53304
-55198
-20947
94684
79382
61742
-34426
-68728
90995
-78593
23890
71412
85664
-56779
71778
31335
4730
59677
-5090
68737
76161
93136
-3365
-10976
-39778
69481
43442
-22732
-15341
85166
-98990
-23865
93476
-15149
91370
86730
-18442
-76489
68526
-67540
-19965
9412
-21416
79507
47873
-38117
28745
16307
-60660
-42806
91375
1754
-77563
-71649
-66191
-34843
-53808
-82188
19390
59436
19494
76012
52810
47536
26142
-88456
67481
74266
-97678
-15792
-43989
96752
-34649
-49309
33877
-78708
25794
41108
-89491
57421
25764
-36255
-22904
-30237
62661
-91472
-62419
26188
-68485
-16896
85373
47082
55195
94133
-59335
19913
34038
-53159
31906
-1049
-45881
-37142
56856
64752
36423
-85648
-36516
50202
-23847
75845
-17548
9479
99050
-34785
78366
77941
-36941
70003
-46117
-31789
-75821
-52907
74232
-67208
74113
64626
-39020
-38373
53841
31694
-35179
-50145
-80108
98836
-96160
-56462
-69945
-85538
-18328
-21855
-58892
-97617
-48185
55817
22887
39281
-22475
37626
-53461
-80376
-82983
54469
-28458
-41032
44856
57269
-4850
-98380
-3273
-43558
57330
-99303
9646
82889
80751
68684
-37073
14034
83905
-5013
-63019
-78684
97774
91356
401
90227
91515
46426
-94205
77871
-5464
23447
6291
27093
-17014
-30767
26537
-20524
13261
32523
35425
-93515
-96773
-85229
-89694
50255
25049
13487
-50360
54912
-69667
-19570
-49976
93028
-8664
-31990
52386
83883
-9696
-10268
-75299
89958
-98360
28334
98585
-76716
-73238
22916
41213
-61279
1895
-44198
60830
80467
-58202
-89277
52132
-27325
47223
-3617
-4239
89445
17183
36109
81722
-63526
23121
68646
2397
26838
-97280
-37372
-38355
22733
2576
88306
-67331
50114
61969
75706
29094
61138
-49436
71183
-65419
79477
-50977
10510
-21945
23804
-40070
76725
68277
-57725
-16863
-88744
-52119
28752
-40441
66377
64373
10945
-5245
-55898
-31033
11184
-46299
-53070
99041
53999
-44217
-86014
-87110
-49710
38678
10903
-54600
-70336
-98377
71225
65104
-25867
-57828
-13663
77147
-28679
18989
-3285
-54856
78053
-73295
27702
47768
-13671
19526
-16462
10919
-4465
3647
-57522
-29069
-9160
27132
35346
-1681
46864
-71437
-20417
-46347
11339
46595
18776
-49701
87513
-2525
13047
27234
93951
47295
1756
-33446
-56150
45946
87811
54400
-12467
95483
74799
98175
-54010
-87998
-27808
97120
11897
89012
-5633
-73908
95556
74549
-27130
59928
96741
80953
33962
-42751
-93417
-93664
73831
-74771
-10930
-77759
-28360
12208
83302
-4987
64574
29429
72186
-19443
65809
-83513
96875
-36928
-64290
16480
-55225
44587
53309
52192
-41821
-67430
-99143
-46073
-2311
90000
7890
-50108
-76495
40693
-90359
73997
93753
14464
41759
-49144
-98662
50473
63702
31005
-38432
72235
-98255
-75504
62043
16537
73492
56673
48509
-54600
-32776
55598
-21159
43440
-50998
750
-81476
-32643
-23347
-7789
-63096
27597
-6743
-54078
-10748
6781
-250
-38007
41304
6755
3592
73843
-73885
97523
24272
-75865
35619
-88472
-18468
-97179
58982
95887
-21303
-16645
81634
95318
6396
-39428
-1960
40063
77547
-86249
40113
73613
80017
-93905
-53818
-4461
-96637
44696
-51256
-32461
-99136
40017
90779
91275
-83942
-69671
-12550
75047
-742
-66385
89536
-1534
-51161
-73362
8066
-20974
-56501
6048
-78874
53488
49439
-33397
-88918
45825
28050
-93039
-26817
-82348
-56517
78439
-91777
99900
57079
-39273
55447
66110
-50052
15806
74538
68124
33683
81752
-94014
-23491
-88023
85775
46219
-91039
29491
23198
-96951
43209
-65675
-32134
71137
63502
72699
-71875
3774
94695
-38888
19713
-50532
-89120
-2744
-48916
-5164
-42667
4052
89111
85656
31674
7697
82362
-45406
68668
35071
-95935
50641
34217
-5048
-47621
-70840
-5600
-1846
-3484
36523
46543
92526
5644
63335
89823
70499
40139
38597
39149
-37071
-57509
-17899
-5710
88946
-87414
93143
-74324
-50382
-73262
-86943
60361
-9407
-9094
-76386
-93500
-94987
92488
65051
7258
17473
-82858
-2673
74
-13421
-85990
34102
36260
93263
25997
91466
-98158
-19564
-48841
48870
-10971
12260
-24635
-76881
90270
84647
98910
76709
29686
-67187
61964
-10838
-26995
62860
15502
-14132
20813
80322
-83489
-61500
91982
-74396
35906
-6388
-62120
-99044
65498
36175
-12393
-24283
54334
-64352
23898
-9859
-28704
-90383
-44310
65424
-91788
-78026
-10766
-3468
86790
28868
-829
-55903
-5942
85923
-37209
67121
15373
-98697
55909
-92787
86654
59230
-28521
90698
48125
-18104
11445
-37457
-53718
-75814
-62126
-101
-74186
51266
21154
-56424
-79582
-30179
-93212
31806
44886
73700
-21045
-58638
-38760
55352
-66948
-93905
14322
-1059
-2240
6828
-34959
15633
-20039
36766
-41514
91722
63166
-49855
42625
92564
-33966
-33449
26578
-57381
59122
-8132
89000
1132
-55665
-41959
64916
3969
-97340
-8212
2675
59943
83103
-89379
85223
76987
-20395
-49731
18144
76676
59932
26110
39449
30488
-88135
-49498
-37389
-45515
1250
14508
95060
27625
-77778
25745
75775
-70815
3371
-2061
28049
88777
70786
34017
73562
-49176
93430
88518
51757
-69203
53206
51508
52689
-89519
-6818
-61788
-81295
1115
-3770
73444
23784
35356
38449
78862
-15396
-56529
45189
18311
9620
42799
-52078
12590
-81473
58385
9718
45783
-25416
-33143
27211
47510
65613
48122
79382
4724
42461
-96631
-53866
-42593
-12532
-9565
-52208
54484
91686
97194
85479
8959
-85434
-773
64225
-40379
30430
61268
3210
-33161
-47449
1279
-98081
76532
62347
23131
-55697
-67629
-84524
-13654
-58639
-68354
73845
-74340
71599
-89149
24742
75797
-95840
-84259
60125
-69647
-5713
-48015
-36595
-35377
-54620
-54761
-79901
-97573
97071
-56577
50738
73733
65663
-8949
78464
74500
70563
36007
-33604
-22337
-42456
15134
93996
61851
93400
-64925
46460
-48293
23970
-14664
-55785
-88918
20516
-52157
31190
-52779
-59074
-14566
-31365
31642
22573
49107
-29144
77745
-51733
54222
5804
50446
-75695
34457
60404
91418
74755
-92182
71679
-46114
34803
-28884
-96439
93614
31988
74266
9949
28919
40291
-33576
-36328
-60359
86004
12997
96956
86029
29039
67797
-90898
90325
99061
-11579
-55700
-96386
61341
-94695
96185
23309
-52611
-93501
-48021
-14086
-82870
32806
-97325
44673
-79106
7393
-1856
-45090
58175
-2737
-97946
-84019
10059
-67965
-94327
62023
-79917
-79198
24147
55632
23078
-96191
81490
44984
-28931
-83680
72278
-97975
65945
68802
-21494
89413
9431
-80283
6570
61014
-9144
-8204
8378
69721
45025
86037
-95120
-71153
-33658
-29253
70598
-91676
92883
9326
-19502
-49429
-54147
-98306
-95101
-43625
-55576
12767
59617
15576
23394
-97662
35760
-31989
6706
14662
-99441
-51541
-3376
23560
-71182
-89627
6277
96539
-99989
-73692
20542
-51881
15580
-91355
90956
-21678
-73867
46976
-67984
79428
-89852
-13179
30076
44589
-49690
-72906
-65416
-50191
-11802
-6909
19118
82507
11589
8846
97513
-31326
53757
-75156
31702
-67116
39196
55286
75217
-24808
-51785
45467
-88030
-8775
17299
-95432
19676
-79318
-99699
-97818
-79057
12091
82058
-9870
24520
-41438
60663
71509
-25604
-93708
93749
-86919
-48706
49399
-27342
76964
-5185
50078
-54590
86840
79429
56306
70525
96849
-43859
-6395
88622
-21026
31784
77471
92677
22482
45110
98179
34320
69349
25416
3940
-95679
20796
13573
-1124
-55504
-44638
26066
64790
80679
-37167
10648
38632
-25835
35894
45942
-79615
-86524
74625
-93226
-4896
30195
-51352
-47178
-94627
-1121
8048
53862
77695
21209
81805
68758
52784
-48638
-61109
577
5186
-34769
95815
-57078
45921
-13981
80001
65500
19688
-78424
-37571
-40508
-7838
-26402
5359
78097
-97200
-12660
90567
15365
-8800
-63627
49964
87705
93963
52589
-33319
13660
-36733
-79472
93962
-79542
72162
-17697
-65188
-67600
87863
-74847
85044
4522
74987
63487
-54335
18768
64760
51362
-56585
99367
-26251
62787
-88849
5595
37309
28938
27544
46045
80170
74995
8816
85564
-32185
39873
-82137
-35427
-29057
81471
80558
-85455
18492
53600
-78197
-98670
-45787
1795
-44109
52974
-50338
-91885
95876
86522
26992
-30958
-35207
-43665
-91606
-23074
-44291
-5353
-13712
-60651
-90841
-59746
1341
69058
-68307
73730
10354
-29218
72793
-50347
64167
-77970
-3760
87507
24236
61064
-84114
412
17224
60931
94522
14406
-42014
-20446
6625
42970
40031
84078
58040
48393
-20492
85340
77849
89409
-86467
29376
52788
-10797
29189
68050
-79870
96236
27979
61528
-94622
-73857
-51487
98530
92528
28367
35879
-28128
50119
-81416
-69601
67187
4735
74819
-29275
22666
7762
-53060
-62075
20469
-73123
28049
22417
-7042
-98035
19178
88649
43500
72911
47024
-54600
34616
-52661
-54180
84011
23123
7375
74497
-39067
124
7259
90174
69916
36970
60937
-11102
-90492
30635
-77178
-83608
-80987
11330
-65852
81618
-91055
11839
5307
96025
62280
-54713
58969
-82698
-57503
12031
48735
-87585
-35042
96688
-50471
-17447
-65826
-72082
98282
-16979
75130
-432
31191
-12978
3553
19611
-64510
-99432
65947
-54516
-37438
45703
-91683
-27594
73263
20265
65666
-33499
-3796
53776
-8989
-84943
-94396
48643
-54092
-26183
-26278
50755
-1368
-25214
52271
-81311
-60273
75014
69764
-6355
7913
75739
-86169
-57524
-78092
-61456
-81415
-30487
1874
75207
-93760
-27996
-95303
86974
59799
17677
-89295
-72173
-22242
-16408
-16737
-52553
17205
7744
-44637
-77978
11787
-77677
78641
-68958
99639
-75104
-39923
-98416
94721
40473
-27447
-16317
53204
77561
3268
-53182
29016
-81767
-53738
80031
-46607
-91557
88950
95592
-63487
38126
82715
10713
-62495
-33736
26885
69390
94504
-45185
-16049
65817
53089
36075
83445
-44562
41255
-57818
1986
-14433
-38899
50132
-61151
12943
18024
-17253
-87502
-5407
14284
-77867
54897
99208
45278
-1679
-70191
95824
64942
64635
23847
-3440
-24568
7698
38628
64231
49971
-72889
46022
-15814
-25647
-81264
-74172
78653
-14204
28399
-32361
5857
-89181
29648
-3947
-44
-32748
-45467
68735
93655
74292
13762
34477
10603
-25563
-67073
22275
81145
-3664
-31827
80179
-862
-243
59427
48236
41309
-6501
-96937
-62271
-50648
-51257
36160
10750
-53600
91546
-55306
9621
-67999
-15288
-34122
-42928
35571
31353
-57884
-56244
57366
-97618
60408
58372
-35395
96312
48277
3466
64823
8928
-91795
16434
-60662
-94122
-70821
-34304
-66373
69324
-94093
13808
96529
51990
70039
-74766
-36253
-23763
12999
-55755
-55491
-40545
-97461
85304
48952
-85421
55889
25825
4155
-89781
74485
-58533
-88133
-17274
47887
23140
-2193
-75022
-27897
77887
74123
70485
88200
61288
-91141
40267
58755
69071
70054
53842
-6715
-91676
-79245
-35728
-11240
-22827
-31348
-75819
54331
-37529
61128
5165
-74007
88703
-38382
-9535
88183
99376
41481
50425
42611
18260
59954
78570
2284
79284
-44458
-59744
-34328
87318
-91626
-5365
-38004
-97376
46371
15418
-61174
83910
58835
36076
59344
71348
30592
-63863
1441
3143
1556
-85145
-24043
-64676
-9255
31477
-47852
-65027
-52223
63978
91440
-33648
-7704
-39013
-69455
30496
-18020
50949
12318
-8000
57457
17867
59277
-94651
-26582
-34503
96969
59877
-60588
-44700
-27436
-56578
37944
54140
-74686
28233
95214
12240
19259
7885
-86792
-97221
-54862
44027
-86661
-21664
85914
-79128
57601
1038
-3718
-79008
97358
-24334
-47786
-691
-36441
61776
34220
57882
88103
75929
-58667
76970
59541
5046
60515
-882
-64479
-11979
-56169
-44015
82967
-15322
-68916
19742
64655
-24156
6571
-85186
-4612
-73378
8035
86870
-52009
-43012
8788
-50929
33401
108
-93631
-54427
59935
-18908
-66608
83855
82370
71383
-87062
-59142
11169
-80463
-78664
-50219
-85753
-22163
53488
16846
-74647
-93751
40834
72745
85228
-31300
24450
-26052
-24282
-57998
-76369
-87027
-99192
-20137
-53473
55362
36776
-22852
89981
64078
-49049
-65573
-6045
-24196
95341
42616
-23883
-85875
-21654
-63339
28515
48541
85768
67368
54006
-40801
-57253
57682
-82493
83584
92635
74678
-26223
-54806
15198
-56811
-64730
77098
36379
-36655
-13745
99955
-47399
36509
59923
68600
-78441
-8801
5039
-18864
93840
-39380
-51186
-31860
-26795
-44427
-87298
54225
-51453
-74004
42884
81256
30393
55281
95850
-38643
-21249
-99315
-96619
54285
-15823
-34386
-95641
-37959
59076
-98427
62508
-70550
-69524
95485
22220
-64376
-49444
46943
90820
-98143
-70378
-65618
-24346
-50715
58106
-72972
-78828
-34576
-37249
99380
-86864
15027
6740
-1012
-95548
-41678
97005
-76282
-6847
450
-73927
-81347
52331
-41103
-22517
-46847
-12730
-89059
-70889
70599
-48474
29965
-2968
-90200
68948
58481
20339
88068
-80458
54292
-90146
52015
23869
-98452
86486
11831
53845
48295
-26659
-48623
46384
33761
16199
35998
28493
67096
-92612
66276
15277
20802
95126
-34628
39754
-44523
1081
-87997
13164
75832
13021
69185
97655
42453
-2408
-4726
-95814
-19444
-11125
-55687
89104
70856
51669
68619
-90501
96618
98071
-65073
15441
-96545
76474
99322
-50666
-13280
-32818
60169
8437
2549
-29839
-13923
-20755
-41078
77665
-55798
-90633
73115
10220
77041
-73363
-57848
-85854
86479
263
-36615
-33304
74923
-2604
-8959
-38953
-86400
63648
79559
31125
85232
19522
-5081
42427
59001
-7267
63580
75714
30722
-58108
97183
28981
-27086
-83920
91524
-89135
53216
-61683
-16219
50083
-40191
94709
-54341
-1820
-38307
95908
62358
42045
-912
-25005
-31841
70647
55137
85810
-9471
40274
-13726
57083
7783
-67581
-51530
32456
63774
-28057
49725
46279
18231
45198
-15807
-71298
-11751
81417
46514
-37959
-19835
-73668
-3041
-40983
84347
89480
55343
38205
58496
-59265
-46806
8558
40842
-73271
-21742
-90026
-61127
-89304
26001
88710
-34475
40603
29046
56919
36731
-51026
-30692
-20259
53355
-76277
84757
21398
-39490
69991
49970
-76958
1168
-42534
52827
-74146
62854
-85176
-83830
17007
15777
-38012
28106
64951
-24224
26856
13541
-25567
30413
-47697
-56625
629
-70593
93940
8248
-36807
5767
-16071
-65485
-4566
74322
83451
63911
-21089
-29618
9769
-76058
35067
28602
22044
-42374
86561
-40993
89530
-21361
37056
-20365
65985
-3328
30597
-76658
87617
56308
81633
10318
68219
-44431
8150
61586
38072
-27710
25666
-73973
97740
-94717
77387
-7934
86316
-18844
-87288
54412
18140
-22991
57504
-19484
43666
94099
-994
-75910
71200
83542
-18313
-5329
50003
52929
-95445
-83876
70692
85000
-9023
-11228
-65784
22168
-17925
30433
89494
35645
-64169
59745
-74048
-16096
83456
-41424
-44083
-94204
95902
-23573
-91077
-26030
88324
-71031
-845
-73423
2780
17202
17564
-39336
-49875
-44680
14622
79300
91200
-65613
-84907
-10068
77458
91031
71977
2088
46201
-57867
-68549
-50922
-48253
-97172
-22802
41960
-51145
-428
-44175
2016
70954
68179
40838
-43843
-49607
-33713
-76921
-65697
93506
6337
-84980
75330
-60673
10593
-56986
-45745
-85033
52985
1918
8369
90382
27574
-23371
64709
-33160
-40320
82889
87722
-38814
76910
140
43356
30530
-86779
-66071
-5551
-15774
-79767
55061
-79382
88331
50035
34438
50992
-211
97875
-76860
1975
69021
26634
66203
-76580
-2093
36470
65626
-75505
-14575
-33260
50322
-28369
-47219
90249
24490
70549
60665
89380
50727
-85752
60786
-8833
-66914
-7874
92471
37886
-3915
77463
-61765
98986
-7883
57857
51388
-55912
8816
-84129
-63641
-99513
21693
-24462
-20126
-60112
21874
30965
-67739
65664
-51794
38555
-29152
29214
33373
-99441
52346
-1252
78777
-6241
-33183
74627
75813
48733
72106
-38973
88885
8513
12669
65686
55149
-19595
93307
49447
94772
-16135
74403
97609
46283
-1646
-75280
-34394
93340
51609
-61532
-23400
-71711
58790
-28877
-785
-65528
11024
-30876
-35650
-23016
78252
-94447
71618
11840
-3839
-92110
79274
-63782
52608
31926
90113
-6744
3055
-34894
-3423
-71517
44928
-41826
87033
61050
-39669
80336
77508
-36662
31262
-97370
-74146
96977
-45354
-30358
30624
-3115
1594
-22396
-44944
76034
91966
-31312
-20002
5484
-78507
97730
22025
94714
-75090
-11577
71968
-72080
-61319
87374
49592
65652
-54621
67026
-21497
-59742
91994
-97802
92865
-38771
52307
-63762
79932
-73312
76898
46069
-78382
-13978
-79042
70185
55406
24213
25239
717
27511
-61079
98528
26052
85513
-25582
54353
96406
603
-90843
-61185
56895
-80450
-4643
-30454
92415
34210
-26753
85591
-71318
287
9339
67859
30719
-33671
29480
-82807
4291
37008
-87959
-52457
93714
16782
59513
64829
-81901
-23613
-38295
86128
-83898
76615
-27504
-7059
70420
-15709
77189
71442
15252
10723
75480
-46285
-14108
14581
18153
-89642
10979
-3378
-66381
-84526
-80125
-19602
-36998
-77124
-16983
-10996
10396
57892
13488
54597
26267
-57074
-65976
-96733
-79271
-92189
67506
-52405
16009
52236
23852
77135
78504
2769
59896
-33890
30211
-26451
-90189
-68207
79752
28040
46437
-77195
-4644
19773
-91860
44690
-6019
-95255
9236
2
45133
82895
-13405
-88929
85699
-75967
67194
-21493
47700
17346
-47813
93331
4473
-65658
-97348
-68131
65426
42752
-59235
6076
-46738
-23811
99444
17742
80860
-52316
-53650
78557
40917
-75037
-9413
83381
57206
-41371
-93774
-5704
-36241
75583
-71449
-17187
-41308
-85253
18053
-90373
33228
-36433
24339
60359
-21401
-67207
-37298
-4649
-15234
60310
41870
-92944
-20890
-12163
48458
-11184
-59003
68593
-13307
-41273
81836
-9100
-77097
-27582
-35490
-77027
-5406
1166
18028
-67910
-26724
-65181
-63776
14222
87258
-93346
83767
-46430
39458
-50271
-97358
21390
55249
-35296
62497
44796
55011
87282
-20096
72179
-65839
19221
-23181
97207
88705
87311
-7333
25098
-89450
-72376
18787
-11832
70676
75796
-4633
9639
-98319
78303
44754
63573
12829
-77303
-6607
15723
53602
68054
67009
821
56151
-9723
6090
69612
64409
-32821
-16932
89841
63128
9193
-91051
16992
-93430
-80581
37870
-40458
-95649
-78567
-44263
25783
-20546
-22187
76421
9792
-54952
-25422
-121
40591
-77777
-68939
-12219
-1954
20563
-83146
-76774
87124
35634
-79845
38423
99529
-3059
96083
-60540
-53301
-3511
22062
13989
-76767
62633
30186
-1301
33263
-42001
-42993
-98902
-63872
48825
77304
-4258
-50060
29055
-12702
-94091
44090
-73701
-27205
55211
12629
89763
-71060
-75028
93849
27052
-11106
-20518
-21033
-52451
-32059
-23218
-88375
-30223
-6442
47412
6473
-47306
-84393
-67761
59718
-21451
-36798
42022
-22222
76788
61853
-53832
82546
-73572
83563
-22461
-93703
94342
-65053
53120
-25015
-68322
-48873
-95657
-29193
-32249
-64690
48521
-97484
4445
96745
16008
-51819
94174
-18687
77267
-56217
72569
-81847
90153
-55208
-34021
68715
-28502
25158
-95022
61987
-21421
-56394
-68015
-3675
23241
34571
-88455
-21789
-51602
94325
54998
68698
53052
36908
-65394
-57896
67237
32687
-87176
-16057
44032
38202
-43531
-57518
-20538
-34566
-52282
63812
-10284
10626
98659
-85841
4896
15750
83453
-4031
10979
-92319
29263
1463
-68560
67623
33750
-39300
-29438
12360
12581
-70793
-68922
-47007
81595
57829
-96795
38059
-55298
37620
27325
-86968
70605
18210
-31805
43940
82346
16943
-16142
-23004
61486
-67768
90259
21961
33073
39918
-57310
-7794
-26629
-88049
62911
68023
-57402
24620
13803
78707
12717
-3210
86825
-98188
-34836
-38436
1506
-10818
-90571
-57798
-48331
-63161
-13149
55031
-12781
-39332
-87328
-93573
85043
-39979
-16274
75364
13497
-49267
-74961
-70068
-15075
-62908
-7454
-64884
-31
769
-50343
-36203
32197
92821
70814
-51570
-59583
-74201
73488
17863
-76089
-98915
74234
3372
-51840
52885
42032
-19444
83287
94991
196
-53250
85345
46572
-13877
62289
74920
-74662
19586
-34875
87385
79097
97105
-1341
-61558
-57798
-70915
-12205
32465
-44499
85566
52828
10814
-19759
45100
38478
-17681
-1418
26266
-48802
82432
-52725
-10599
-90555
-74157
-50901
-14219
-48404
2290
-12022
-64725
-896
-29329
7062
-63851
-3105
84393
-48845
-75251
-74430
-7888
-78122
-70168
-73284
34628
94142
17943
-91841
-64190
48055
57403
81474
-7721
-48883
74036
53038
68894
-99456
-76700
96509
78873
79121
93430
61347
56215
73445
-50549
-71438
-17374
-88530
-26304
-32144
34949
73433
-72716
5788
8082
60785
24442
-92641
-88401
-48939
-79997
-24183
-3108
-33185
61202
-20089
40227
-10175
-73932
43379
76498
94871
97437
66924
-45820
76216
-31489
43845
68927
98632
50431
1671
-13432
22440
56340
-64710
12737
21188
-57876
85398
-74074
-4932
-17584
43235
-89334
-95826
57986
-89703
77133
44505
78239
83169
57286
44931
44303
-74179
38730
77351
-50645
-6990
-34771
-54241
-86558
84243
-55903
-91814
63054
43462
35412
30456
-71403
71570
69657
-97282
-89220
-35470
48591
75033
39968
48880
94041
15073
-1245
30325
33090
-22184
-77903
-18816
56914
-37732
-80187
-85562
-39160
36855
1584
97174
41380
-88145
80859
-70996
-41281
73008
-66537
-72141
49197
-88418
-61004
-38392
44157
-15970
586
-68100
66246
-3896
-52709
-98888
-73357
86381
-48987
-56585
-27424
72726
50991
-44501
46160
-54446
76137
58185
8900
24539
62986
5009
-35734
56312
-4193
-6003
64382
65082
-49177
-9211
10078
3267
-59038
3050
23545
65911
59982
-83347
-67382
1001
-28940
51489
40721
-10979
-56806
64795
503
31707
55709
3993
51686
-51333
86379
79185
37993
37665
19647
24567
-50605
-5294
5581
67288
-93018
-70419
51858
88028
87806
-83434
-92683
-78656
-98047
28021
-19131
-73940
-33049
-29863
19728
59933
-77098
20925
58923
-90604
43130
-56373
-91645
-97044
28782
13542
47245
8951
-57845
-77302
71945
-85242
-32226
-18490
-61358
-63605
83112
76095
-98853
-9360
-88174
92930
-37928
-34237
82395
-45224
-29563
56345
67339
44028
72802
89118
72381
38258
-88363
-67198
-60449
42702
36813
-60995
20802
37205
-37879
90993
-35895
19797
-31503
-53456
40645
-53016
-92936
63465
32952
-86821
-93426
16677
58436
-88910
63745
-55072
-81622
11953
-87662
-82705
68503
-82071
64432
-72597
-1787
18375
-10176
26968
18901
41674
84736
40452
-97455
80672
-86493
-27648
86432
10571
-54513
95146
39242
-95854
41762
-53316
74912
-421
-34918
27281
89598
24034
15547
-46755
-28964
-82949
-7042
21660
-75395
-57327
38487
14305
78644
46045
20957
-10339
21970
-47570
-71740
87043
-72438
-86511
57882
-55219
14950
65539
-19653
-46162
-46008
30428
-11427
82822
22156
-12286
93550
20926
-68816
14983
-15727
81919
-67615
-25411
88552
-81996
32607
-23805
72625
30619
-19604
28440
25903
95632
49136
73467
94621
82536
-60546
-26557
2163
-21125
58574
94949
90689
67817
-75060
-26457
-17231
-40357
6826
75424
-11229
-55745
56313
24604
-56613
-75727
22494
57141
28925
-26887
-56323
80027
-40924
63712
68863
46431
923
-56847
9050
-77715
-1520
-30696
7615
56461
-67376
-5937
606
-4542
-33518
13908
93999
29345
-45942
-23530
-87253
-63811
-84237
-99416
-66518
36101
73992
-3309
58483
93675
-99301
54264
10130
2933
59368
-99755
-12307
-17227
40893
81457
-17878
-67346
71196
39030
-31266
47617
-72603
-66089
92703
11266
49628
46639
-79320
56909
-4355
-82593
12300
-1653
94139
-7663
32971
-71625
42346
18690
-40038
39010
41340
55143
-63021
13324
-43248
81732
-57706
-37171
61733
-95038
-2476
29872
3742
13475
52356
63742
18054
-5480
90011
52768
-29190
52716
63976
-62624
-52085
-58069
7514
-91420
-8186
36318
5203
-24100
-82898
-5166
-36017
16233
-9569
-86692
14480
-48247
-10419
-69044
88583
33739
-6121
-59962
49225
26622
84886
74904
-52588
-48640
76556
-81654
79396
-52329
-18673
-78576
-11973
-25138
-77294
52538
90804
-23470
18260
-81643
988
-55326
-94762
-54509
38486
7456
95815
1283
93923
-88710
91038
-84891
46716
42761
-18514
34311
92354
-84843
-30739
79452
65101
-43417
-24484
-60510
788
-8253
43512
-88126
17346
-95822
-68617
-8554
19471
-65684
-60969
-89096
70488
81929
34087
74277
-98343
67893
-17346
-24211
-19924
-26929
-66772
-41506
-37556
-6947
62811
69459
-55130
92088
13201
87832
56223
39430
22157
85714
36937
-42383
23889
67471
15253
19831
-83646
-96421
-26373
86571
63408
-3711
8857
41148
-32146
-93181
-57333
-34810
-56277
44230
29606
62018
-29004
-47127
-9989
-78020
65135
3937
-57475
-31565
-9035
-73458
-79488
2542
6741
-17557
-19175
-95378
32837
-25800
68470
77372
84647
18478
-71846
42197
-91127
-97294
74555
-76122
-20877
-9410
41085
87257
13993
-35868
-55610
78313
-56630
-7851
-77612
2491
22902
3044
70099
25631
-29286
26508
15045
-8185
-8858
78552
-80671
-20847
74851
-92862
-93240
37336
75592
-84414
63756
-89892
34594
-96640
91529
94600
31613
18899
-55849
-5696
48405
-32039
-96743
-61374
-49695
-59850
-75929
-16343
-40345
85503
-29691
2636
49632
-77186
21051
11206
-53010
-84106
-48431
9737
-21448
-65467
-21439
-56866
74407
21317
-15
45807
-10773
65914
-31776
46514
90183
-9969
34346
16027
64938
-76612
47255
-8727
83944
2599
-22601
-74394
90386
-69872
-74172
-11047
-38213
3152
-11427
-74385
-38128
25200
-49507
-60109
49300
15380
-28803
-97683
67775
10317
31651
56393
71108
-6819
-73817
75425
-80950
28225
61208
65135
55472
99801
-66500
-80372
-37437
-28374
-17124
8723
33478
3074
-37465
-18099
-3343
41357
-99483
-16975
20806
94209
-78643
52813
16032
36986
44303
63139
49923
-8897
74557
29830
17718
-32183
34869
45315
53972
29913
17117
-65423
-85224
-12607
-52698
-24116
-49059
-83013
68330
-70357
-99807
87778
17424
83458
94077
36467
-2943
1640
29443
21027
13399
-49882
-26994
-38436
9715
68555
-83951
20302
73477
98454
88950
-44926
-83945
-52662
-13492
24423
-65349
-9626
-42692
92805
-53751
73954
-15979
89580
-93667
-82410
-20144
65096
-23550
99868
95917
-91143
1052
96761
-423
2246
30159
-75296
-28269
20727
77062
5778
33809
63009
62132
1526
-24649
92863
-49640
-3927
-37401
-10456
69152
-1651
-73459
30925
-42185
44521
-78673
40738
-87127
36931
99141
99856
-48244
-68927
-22983
15106
-52356
-26405
66521
-2509
-93290
96067
92403
84240
-58869
-73744
58348
-49145
55516
18886
19938
-60993
-32508
-51724
47663
88022
-59180
6888
29761
-46586
-99190
-69303
45064
-74879
21170
-19019
-72290
-35314
-68196
22997
76204
79587
21722
-3210
8162
-91688
-13976
78868
-35795
-84291
16082
-90554
-83347
4024
-84817
-10622
-72180
-28247
-44962
-21682
-26964
71393
85341
-66980
73225
50357
38475
-39638
-17877
7266
-40364
66495
-99678
81273
-43439
-39742
46973
-4281
92911
-22186
-8425
-42992
-3351
26039
-36173
40849
71543
-826
-59023
-63665
-37845
-22087
42872
75077
51361
-7841
89675
-90142
71226
-25212
73824
3809
-99546
74516
84435
-18055
-84993
-62417
-89572
7488
75132
57768
20945
48493
-95941
61940
72532
37964
-37438
-21880
-87415
32341
-74695
-35976
74674
-88273
2995
-41527
97181
-88562
-24666
32690
-25261
86017
60768
41190
-92663
-27274
-69847
-91955
20340
67856
51318
-6339
-51287
-38913
27943
-807
-20414
-82734
-78838
-56838
-9230
-61127
-85696
21135
53088
38752
-20489
-74045
-27146
-60640
56273
80894
-65579
20699
-902
-10948
-11304
2866
67280
80724
61107
-73929
-9949
-45813
65228
-1195
79148
-57550
-20915
48506
17916
68810
-59260
-62001
-75957
80016
55504
92040
-93195
-77623
75498
-3945
-35412
7153
15434
-8640
21182
53179
21620
64548
76144
81886
70521
-76421
-50579
51365
55784
-10747
98554
75925
-6796
9563
46703
-76112
88457
-11033
-4554
-48808
-34644
65795
18946
70213
94437
58695
19865
95673
-1214
26428
45196
32497
-21103
-18687
41491
-11898
94319
-68227
-26299
23131
-90737
-46819
95687
-63593
-92405
-59895
-26328
-3619
-52467
89782
65897
-51899
-94731
-51785
22507
-95420
43657
95632
15701
37430
-8353
7260
60074
53710
-85496
75307
-87885
42709
85027
24424
-50567
50759
53370
91102
37042
-90297
67237
32955
79364
-85697
79922
83044
3820
-42364
1285
81679
7692
-90463
-23119
-21793
-51687
-75747
-35965
-17889
-58260
-32773
83506
46181
-55723
69291
51187
-46799
-50699
-55653
10923
60373
-91733
-61308
-21264
-53109
53938
59046
85082
-45508
54008
14283
-25188
-76058
34250
-26143
-16844
80996
98808
9357
-16031
-11363
55388
-94883
51624
-69743
-87244
74455
88405
-93715
-53777
-94318
75323
94278
93751
-91862
-35458
41201
21063
-59176
29432
87627
-17669
-12754
-51007
86944
33123
-45564
78021
-7830
32183
-65703
14409
63649
39599
61170
888
63567
44095
-47227
53250
-27973
-68896
-80658
-28512
38004
-12544
-84294
-30710
87893
-41995
-89956
73933
-15894
77056
-7525
-47682
64266
-9596
-81238
11115
-74912
21571
-70953
-89417
-50973
77577
-47942
20898
-26261
35445
-31565
-71825
-11407
-74908
-43847
76859
41299
40213
-24246
20566
-54002
66559
-91970
13420
59230
53453
33592
-47364
-73381
-87995
38225
-71814
-96238
-26613
89873
55062
-39058
-1141
-13656
91064
-65214
36831
45423
47272
58239
58001
67231
4764
59622
-50678
75985
-80528
60755
67781
87092
-18946
59731
25054
58921
-33692
-52102
-62031
94102
92379
15786
89709
-32362
48790
97883
47162
12738
-80643
-20391
-94768
-18301
-63450
-85021
41746
-6575
17630
10164
69405
13373
38787
24421
-2401
-58258
-36591
-12572
59314
-98036
89696
-53692
38042
59943
-53400
72941
-55117
-80438
-7113
26464
87081
-67415
-63387
-23067
68457
96774
14684
96245
32256
76566
41108
75199
-8989
70171
37067
985
63601
90525
-48325
22353
-5571
9285
52193
-84777
88156
-14834
18736
62889
1465
56128
-10722
-92993
-74546
-97069
-40158
22349
59246
18028
-86670
-41746
80095
-99820
8755
-95265
76092
40612
-98524
-88648
-74047
14029
38514
-51179
2389
65543
87506
-67091
-24664
24440
-26171
70317
-83082
-24475
-16817
-51143
53625
17713
-48139
98793
53455
66265
8072
5362
23926
37758
-90745
-25282
-97178
-95470
-85317
-36795
40975
-8604
-97129
-11036
20661
-33521
-97646
-13845
-95101
14123
6290
81705
-71421
45634
-86790
-62281
-36483
-21421
85544
-65559
-77696
11567
-69390
-8113
33052
13569
-16715
-63324
31151
93951
97435
48167
48030
-92027
-6297
-73700
-3530
31529
58788
-57546
-74360
74327
-42555
-45002
78648
30509
-96911
32587
-6785
-22503
-13995
10852
19408
95764
-6259
44055
5482
-78335
72305
-98488
-21987
-22454
-37380
-88902
-62637
24827
-25121
80157
-33735
-21123
-85816
55605
-37756
-89171
37112
17600
55639
-40788
-14784
8943
-20252
72026
58407
61405
97217
55296
-67481
-75105
-70889
-46546
16884
12326
-64051
-17359
-32214
78934
-9292
-79741
23414
-5681
-54067
-93936
-37478
59483
-38140
29859
87844
-75904
57179
-17549
-12577
-68319
65958
4232
-29500
6168
40663
-77789
47171
60921
-25191
-69081
5759
-25939
4602
-55161
-11308
-19525
-70218
50550
90272
84881
-72407
27116
-16410
-47220
70348
-96775
30170
-80763
95964
-22396
-94194
12962
20599
-15347
16705
-5010
62406
78178
95916
-84215
-33630
-67224
39811
-13905
-76189
-4178
89346
20309
59803
-51232
23639
67206
92954
66592
-97184
94203
30953
44035
-35700
12347
-14431
-25317
36619
-63251
-23755
-30257
-32491
-15535
95153
-2596
-24467
73907
74754
-32710
54009
3689
-54934
-65014
43763
-56592
96033
-75151
-73549
26240
-31287
33945
17749
-85649
13604
10620
-23460
-18712
28417
-40939
-68697
-30741
-18960
-27285
32129
-82872
31348
-99552
-34560
-53470
-15256
-29266
-91323
48838
-34303
-47151
-38385
-47285
70116
82649
-24170
-62721
16925
-59858
-70417
-45582
40188
75747
-39919
77237
-17211
-81057
-93759
-73633
31177
-27900
1468
-74899
-67369
-28703
86454
-87577
12876
5737
3469
-4565
-82159
-50308
-71224
-37645
49431
83911
53044
63436
-87510
-39602
76390
-9789
-79886
-15976
-89431
64730
90910
-16978
5295
65880
22897
-36228
46796
23037
-78443
33805
-52698
-41818
-77719
-85608
58234
-92064
20374
30942
-95105
10188
16316
-61634
87944
-28021
82709
-55552
24525
-66598
-8768
49908
-52779
-67272
57990
-33490
-61654
1589
-38144
-90081
-5620
-42385
93049
27216
78058
24857
-50766
-78810
36307
-83011
81826
93558
83755
-36786
25727
-64054
93187
60013
-92524
85665
3340
36667
-95384
-5130
39551
-62152
-99388
95728
1371
12325
43525
5424
51578
77577
93619
12176
21922
-36629
54386
-77752
22932
-95916
28122
-96462
2384
-1328
77138
62177
38154
57197
-8521
14799
-8710
4302
66245
54191
-85643
13409
33569
-63028
-35794
79357
-71091
-16877
-24946
-97520
27685
42571
-20156
31015
-73049
96812
-56914
-23150
39774
-83773
-89061
-6208
-61695
75453
60820
-71454
52083
21454
48570
-42074
73190
36875
10436
22448
46477
-57656
13703
60493
13793
98198
-79278
-89931
43629
-28313
-5304
22436
12136
-38147
-18762
81513
-84364
-47153
62409
-8456
-98840
-91611
6915
-74578
-1836
15485
18136
-32581
78675
43897
92276
44749
-23351
-35521
-40658
51947
-4991
-18825
67987
-47825
-5842
-35793
-73637
85465
46044
-39006
3966
52607
60386
-6937
-49207
-40235
-95008
-21939
-62891
88512
31937
-82031
31683
-12632
-80332
6559
-69260
4770
25161
-27572
64760
25176
27055
-92766
-6629
89393
79653
40964
36954
76114
19876
-47343
41787
-98635
29726
-30337
66800
-81587
-33914
10232
-66102
64390
-75622
-57548
-55406
-5115
-90837
87479
3331
62499
-86703
29981
-86048
-50294
-32110
-81116
-89278
-30533
-33382
40087
-76245
53882
-98603
91535
-79891
89721
69155
-79424
-73770
77189
3847
46840
51959
88037
73779
41278
40875
-85698
-17047
12674
27602
75217
50859
-9241
65344
33093
709
-2317
-60667
21460
-83242
98980
-10730
48561
-82137
-83347
40313
15072
-70203
-59531
-72762
74187
66695
-768
65285
-41861
-16904
17604
80375
41183
13554
17112
86425
-97152
28393
-79587
13059
-2284
-41919
13634
35812
-68733
-72820
-5971
-18318
-45343
31323
62311
42928
-37089
-35096
63265
-53731
26856
81736
-81459
45483
32996
11913
-74678
66579
-15060
26348
99889
-40560
84790
-62552
65596
-62340
74145
-72904
23742
-45298
-51798
-1213
-49165
-83295
-74491
-33503
-58638
16789
5709
-13817
42229
71653
52065
-3923
-73896
58589
-34600
-58931
-70226
69671
43092
86094
-27973
91236
-13152
-71814
-67404
57127
-33624
47051
1878
-83074
-73949
-89258
50099
86633
91485
81187
71663
-34375
-7861
20329
-54568
10723
4540
-43325
2364
6816
10442
32529
97061
91228
-69543
-72036
42434
35058
-3976
-7078
-10261
-90054
94933
82904
28565
16932
-86093
16871
-65862
27779
-27238
-33159
10503
38072
-53738
70593
-5297
58428
40782
-64639
46352
85855
-63707
30574
-7197
-3692
72457
-78245
-99107
-62561
32880
45160
-78717
-83738
-40411
85646
76016
85886
-7420
54447
29642
-52838
-57515
-73796
44724
-47309
38661
33649
-167
17431
80161
-68132
-50461
7090
64789
25734
17682
-61198
66499
-47191
-98648
58689
-97334
-24929
-77000
-41359
97534
97913
-4774
26342
47191
-98415
-32924
89719
-33239
-48210
88150
-64641
98842
14116
65983
-22538
73798
96656
11598
-83512
79747
46996
-34678
-40172
-79991
29041
-2249
97729
-69172
-75605
-65362
31324
23145
-37533
-55328
-84917
13040
-61637
1253
-70312
17656
-93478
-85537
-14765
-90350
77255
-53923
79435
49543
65571
-81194
-64999
8125
43318
10789
78837
-53
-2258
37179
-93050
51973
-9203
-91186
99965
-13602
-46527
44959
38229
9633
96304
-98671
-66683
45066
-85923
4849
-98175
89076
93018
-31365
78007
2761
-5505
-91348
-31099
45152
-49557
85704
69361
-78848
-90235
-71435
-47543
-16939
-35493
-27881
52763
-99666
-3530
-88675
58491
82066
-46351
53219
28564
-24746
996
82129
-62940
-45839
-14723
87648
56671
65549
26331
-23076
84640
78919
-60433
-36482
3463
-68542
-88599
73540
26757
18035
-42407
-58467
-62540
55870
-4027
-95189
-54168
31970
96652
-3658
-75276
-7323
-60453
65701
-65184
13250
-37025
83946
-76726
42148
81137
49301
8956
-80702
-56911
30365
8754
71945
-30435
13325
-1323
-74197
50355
-77853
39347
-94548
79065
96831
39838
-20426
-51999
17259
-37355
-9085
34566
37126
88030
-84799
69243
9881
28825
92835
7362
-43680
57200
88254
-47393
-14223
35253
-88942
-48070
-43697
87776
8808
-54233
-87160
-68260
53445
-40391
-52601
85234
-91120
3356
33855
24395
93445
-84730
53101
-98529
23218
77145
18088
87962
-95711
69288
22926
29038
50098
3329
20727
58451
-48427
-48717
66477
-64719
-27448
-53278
18230
76743
34898
31562
28831
39895
34885
95407
1630
-13360
80446
84572
-92918
-14900
-15922
33864
-27130
-47357
-91677
75462
-71392
-11816
58994
-53217
42847
35205
47366
-42168
54963
41712
10821
-62104
-59668
37608
-37265
-98465
66679
46882
48346
88300
7407
45597
39084
24648
3818
98447
-32899
81350
-14138
45229
-82792
-49641
61328
-29899
82802
22318
-76194
37505
-3654
46160
87668
-48235
9749
92626
44531
-39783
2816
14010
-50642
-53032
75113
-55503
-2609
-40061
-79972
-12574
94252
63048
54340
-83957
-71554
-57748
-99429
-78272
-90477
-64473
61440
-94065
34410
74422
65644
-43855
53519
85271
61175
-69114
34568
-18614
-33277
94004
72192
61028
-90185
54813
34818
16006
-61358
13015
-95720
-63178
-48168
70883
-29783
-98764
-57782
71036
-44514
-82790
-53221
-31657
-14759
-39477
16828
-35677
-55819
-62474
-88518
-721
90512
17349
-89534
-16666
-17440
98607
20586
-72626
33822
26622
57636
20141
-3932
99407
-48863
-62478
10562
-86239
-56216
26586
80892
73654
2032
44328
-37501
80751
-66707
-22048
19840
18131
-26090
46930
-16043
86576
89719
2764
-296
68696
-58824
-41699
-12293
-28160
-65590
15704
-57970
-78920
-4044
-17724
-93680
41811
81798
-29507
77056
-22363
21929
18256
-70333
-30874
-25627
86928
-38297
-45276
-50272
53119
12500
-98098
23467
-48518
34868
-12053
-42199
-49570
79282
-11992
-38907
16329
62659
-69796
-61980
37429
51526
47274
69712
67843
-66125
-94110
58783
18868
-18906
85013
44669
65378
-48321
-82355
27830
-56409
95429
-4073
83403
29197
-94921
61255
-52127
64545
80142
-20511
90471
-95021
62958
-7655
38248
-35635
-95212
-16395
72019
27500
-7290
-71358
23782
65295
82898
36894
-49590
77617
-69141
-90933
-75697
-66859
-32347
-78965
74003
-27704
-11334
66648
-30561
43423
58727
18225
89749
39302
-63959
61938
-95382
24082
57399
-58750
21949
33062
71300
88769
-51076
-47635
-9845
14471
-77488
99109
73053
-71198
94602
-77512
-41771
-19621
-20584
-78085
34013
-69403
90396
-61889
-86279
57179
-2524
46056
-85213
68268
-75504
48631
-12528
95382
66691
-44474
-67235
88784
94911
24959
-89407
87259
-63922
8767
95954
88331
18310
-27184
-83368
-75956
32445
46514
6250
-73856
-32058
-66779
11920
3101
-62949
-57878
-82011
12130
17280
-38032
74220
-1276
33112
-83617
77055
-20804
32084
5883
-30978
-30551
-67262
-79260
-63758
51330
49658
99290
56184
29676
-86613
-32705
-36480
-30751
36881
36423
-81004
-84875
-82778
-47464
-1152
36813
-66772
95584
-11093
-2272
-2569
-28748
23217
62103
25385
-78723
-20973
39278
64021
-48836
97185
16875
-69719
-69024
-95842
69480
23024
41885
78927
-33291
86744
70792
-93730
44865
-16219
-13437
47546
-20484
-88411
37073
95804
81592
18930
46579
88258
76631
-93413
61265
6897
-86713
-17411
23646
71343
4720
99556
-64415
79893
62699
-8343
49204
20221
-90954
-72648
-72853
38308
-15346
44652
-30283
-69112
87958
55860
-73926
-65025
76931
72826
23075
-70469
78287
13820
53331
-2591
-20185
-40088
-83563
-68375
-26208
30792
-24294
5043
-63611
-99700
12544
63774
-95225
-23948
11621
-65237
43679
-77345
-10028
35052
-25956
7189
-7262
59756
-17990
62145
-59156
27121
7334
81058
-52623
5607
1963
-71412
96632
23465
74418
-91758
62760
-11895
-56240
91295
30510
22350
24085
76763
30686
-56309
25917
-61841
-24497
73677
10970
7665
-82267
-86500
25687
-18326
40750
97231
-46281
-80969
58530
-7787
14665
-80986
-80883
-91205
-54532
-70409
96132
-97994
-4808
73242
29202
87748
-15345
22262
-64343
-15962
-66806
49234
-774
26627
31228
-20290
65360
-12416
-50393
-55424
72770
-91354
-70465
-77507
26709
-17941
-15971
-49837
2212
11339
-75626
97737
49432
28545
28846
-25077
54770
50267
-17858
-15014
35647
-20263
32594
-19434
-23046
-54669
27533
87185
70435
-5967
83309
49083
-60083
-12130
21665
-53054
-89548
86866
68843
68616
42526
-54666
-1645
-95022
29850
-10279
3075
7287
-56324
70418
-32362
71759
-56094
26976
-83617
-38138
-92796
9292
82045
-40423
63854
6519
89303
-31956
69980
-98929
3807
15947
-23923
-67748
49346
81448
87303
-536
42107
54828
20676
-50673
-1467
-63584
6282
14362
-52418
-70996
-45039
7328
47342
-52190
-58931
-17128
-32293
61764
-95314
-81122
-1896
48246
45200
39142
-41164
51415
-60556
-10235
-34778
-75099
17709
-23209
18590
-64578
-63128
-86969
8966
-25999
71409
55095
-17379
-703
46816
-76291
75756
1898
18144
24154
48905
92930
-34229
8999
-43196
-10624
-91831
45652
-3405
35019
-45695
5896
63837
-82816
929
64272
67497
98649
-99664
1156
70895
-9182
-28111
-40739
-19555
-89160
20962
76867
99600
-97901
8893
91019
-67779
54233
29781
-25090
-83752
71788
7589
93071
82204
-1054
-1282
-26488
45769
76564
-98735
46786
-48416
1279
-9971
58813
-12505
-10511
-56625
-10229
-89280
-41280
14818
-56875
-36108
70317
25454
-62892
34754
-95645
54027
-94461
81769
-81210
2458
-97978
-47102
-72942
82336
-93481
55315
52091
-5995
27105
-87171
4222
72547
42314
-74148
-81038
-85978
89398
89486
-92180
-10670
74630
21737
35722
-85487
-89897
16213
56673
55904
-16649
38689
77365
17795
-57051
-86758
99668
37438
-10251
-17910
-14799
57327
62435
81926
-28053
-3837
54991
-78643
50236
54283
-52615
75757
-92977
-83236
1312
92127
-85704
-77825
59470
-58816
-98927
-37334
-69782
-6841
-72716
-84837
-89878
-8711
-90282
-29244
81465
-14019
-33836
97469
30199
67573
95101
-10596
67176
-1601
38990
50671
-1672
1517
74093
-68241
76311
-47637
68702
-62910
47742
-62543
-81874
-37513
36366
-63511
5359
-37374
-71007
90509
86616
-40389
-75011
-99042
55754
81971
80046
57611
-47188
34216
-3729
67854
94713
15875
64136
-42690
-83166
-57035
-43286
-94999
18881
23717
64764
11690
5790
-36399
84663
27046
33267
78743
66582
49929
-11474
-11003
57625
-33757
-72785
-73910
55242
78208
95575
4143
-66093
-64084
68512
-20994
-25896
92827
-34111
-34868
89724
-91345
31792
-88533
-97551
-73283
-8436
-11220
98154
-39277
-35934
33235
5891
-88824
97910
-65518
78799
-88817
40041
46155
-36862
-36483
28229
-51041
-93728
52070
3916
49945
-33000
-55209
76
99343
87164
-29491
-63256
20998
-16076
-88570
88870
-6045
97306
-47406
-3935
73495
-51828
83529
1175
-16360
31829
45903
5983
-89307
17141
9378
-86063
73309
-65387
73728
-803
31525
-98253
17207
-37213
-4201
-78270
-5629
-61899
-8775
21858
29936
75293
-86423
-23281
-9004
-78648
36206
68894
-97856
96832
31398
77604
-46071
90117
34410
99882
52896
-34481
75348
92369
-49825
26769
76904
74846
5581
76469
81666
49720
13536
5277
71530
-17607
-58210
-25176
-73559
46535
-62719
16416
84028
88748
84738
-68791
60760
-28685
83264
92775
44056
-66671
45569
42729
72956
61148
24966
-54918
14413
59463
-64166
-19613
-5713
-9359
-10648
-50294
-69873
-21803
44484
70478
-65909
94754
-89757
68784
-26895
40616
-75681
-84761
-25317
-94892
-2723
-25788
82917
-39304
17475
-95482
-64913
-7748
-54178
2315
84585
2853
43445
-40528
26753
2072
79433
81706
-41662
5311
-7495
-60372
41793
-7733
-41336
69411
-91473
76391
-60491
91663
-63525
-23275
87316
85199
45661
46861
-13837
-39226
13252
60152
8965
-51170
-15660
13941
-77369
-62802
-66483
69385
85019
-99662
60341
-59812
73223
67047
-78447
-80539
18357
3966
77787
-82205
82253
-66493
-18802
57311
10700
68552
-44942
31786
-88065
-92190
-15220
97973
46412
76249
8482
-96404
24176
98071
-87814
-39077
-43905
-20927
-10942
32810
-49662
17969
52271
-95748
60440
-823
22852
22582
-73138
98700
-51829
-29647
19094
-42748
95232
15020
44151
28119
69114
-36749
-61815
80377
-59984
64485
29586
9340
53270
35833
23258
94767
66391
31641
-82360
-96843
-88670
-20568
-74625
-7228
33293
-48073
33947
-91744
-71400
95489
23616
81820
-79663
76272
-39955
26231
63895
-19501
-36198
20886
65430
68226
-56862
99646
6430
29821
67166
-84436
-12664
-38815
-46866
71219
-39931
87902
-96548
11302
-68394
57879
95604
-61445
72348
6878
-90112
-33068
96299
-57676
42570
51587
85425
61420
76539
-50296
-47923
56817
44870
-30558
-30502
2471
-64461
-13547
-67211
-79119
-12728
-71951
89178
43361
38834
-38123
-18979
22337
-43613
-1595
-14897
43994
-40123
9847
-62658
93913
82276
-99942
82076
-6588
-42596
64490
51653
-80156
67934
20788
-88697
-82629
39386
-96939
53154
89621
-75063
14350
1577
9600
-98437
6508
-54977
-73393
-58869
18247
-12869
4396
-91720
14234
-75596
67720
23949
81655
25197
-27944
33421
-43291
-38643
56452
98681
-53471
-91790
-58280
-2150
31427
-83583
23615
-67000
69098
-95808
-57378
-50185
-26137
24707
-12009
13404
23348
-93998
-85951
-96877
76238
-75306
22335
79736
31446
57986
-88107
-24374
-71751
-41544
53312
-97365
49964
28580
-16346
51989
-95868
-32211
74359
52425
-3270
28365
48377
-8193
-42158
-19961
31577
-76731
30778
-11558
-19398
87180
-34352
14960
81930
-79677
66214
6570
40503
-54310
38115
22695
56398
-65283
83878
38268
45678
-54107
-86930
-23040
61990
-72788
64922
85185
20176
-75631
-32930
66987
39670
75659
9013
-70242
79027
-82792
2665
-80244
30302
-37935
34724
91370
74945
65620
17403
-7338
31786
75178
-50059
-40925
-15271
68094
-67634
-62897
-63972
98800
-8786
88367
-97770
86364
-47274
-22663
23138
-10125
-91744
56628
-52243
24427
-64858
83540
-67742
38622
54884
96446
11479
89610
-67040
-84015
596
39016
79701
14307
22436
-47248
36470
91722
-41746
43659
62858
-2572
21896
49427
-51128
-9979
-7725
96345
-10274
-91049
-18107
-92899
-60212
55050
10365
12425
-80057
44392
-16004
-34153
58626
-68311
27145
-67798
61631
-84167
-82140
1043
77994
-64355
6551
78812
11497
-67224
-34543
3345
21464
-57384
38910
-8880
60790
66245
21784
-62873
23704
-2737
99504
91479
-57630
40792
95544
-90985
57368
-99384
14869
59838
-81179
3460
2595
28524
-88750
-21074
-6726
-23922
-71918
-5557
-7346
52961
-44101
-13482
-50382
-63168
64895
-5461
-1295
-90440
-49342
-74507
-66327
-34468
28458
38193
11161
67440
86319
-7826
23166
12856
-4225
15995
-43669
69436
42282
21232
59923
-73238
-81643
5023
-46300
-52290
26830
55414
31479
27440
88825
-87868
-35547
87951
-34389
50309
6534
69015
35604
-36537
28621
-81325
-53186
31355
-30998
-78918
70240
16933
17966
-89891
-11210
87088
82958
-4182
-2543
71300
18592
-73382
-60566
-64088
94463
82166
-89774
29771
-51852
-56695
51422
-21809
27778
-46472
-86510
-17381
-71008
58524
-74786
-46475
61481
83812
14621
87050
-73274
-50308
67641
33801
-41533
-29049
-59921
-77349
29380
84092
-89351
96442
76416
23709
-74186
-94350
-64254
-44803
63216
-16511
47164
83147
-13635
39929
-92282
-96417
-63478
-24033
77071
-69427
-28301
-63137
69972
49500
60230
-94786
-66310
-22276
-83838
-47400
14234
34751
-27352
50144
61483
27591
1930
-28530
-38029
76455
20259
90802
33964
-59984
-2591
-42736
82500
-25987
29686
45857
63155
11866
-62318
32496
56107
31376
8125
894
74716
54249
525
-25070
-42913
-67291
-61295
-27584
-56448
-97544
9677
55097
7730
-75311
-62209
51483
12345
78280
-32550
-41546
86211
84118
-84503
-98663
21160
82118
30979
73381
40422
-52483
-65213
-9166
19782
78748
88457
22381
-71496
-9646
-90902
28443
-21518
-34772
25632
-13751
81949
18654
78262
-67576
-53867
-78701
-76655
-7284
18025
-74005
23259
51081
42746
11974
21704
76098
-36028
-34195
-36046
-11051
15279
52499
89720
17065
-52416
74399
-23684
77834
-77865
-20993
63618
65237
-65139
-89998
39658
-70168
-24968
88403
68973
60898
-72869
-74644
14147
-72257
57448
-1564
-19039
57599
98090
-31050
-18340
51051
-52447
-81565
-67789
-78617
-13698
75364
-69586
88201
-57202
-65512
44819
-51105
-56720
-12678
27121
-74013
46628
-3515
97640
-81807
19419
36321
-18455
-75071
64094
-88034
-59745
-68054
53377
-53616
-63558
11485
83874
-4065
-7174
32863
-19882
-22778
74651
89944
-28679
-67698
59875
60882
-29158
-28267
-93415
-83515
-37815
-6504
-40471
48344
57600
-89487
48986
77665
56920
5488
6439
57040
76243
29733
34365
13162
-60127
52004
-75861
-86358
72764
-13115
43541
40272
-97095
62336
16281
25569
21838
-18942
65814
-68209
34544
89935
39759
25965
-9795
26595
-54518
-99842
-63658
-62295
-78033
31403
-58612
88820
13240
-24072
-61184
77511
-93272
-34739
-59497
-96182
37112
69527
40683
44515
-98771
-4447
86743
-79443
-91617
-20821
76061
76389
-95609
-25259
-36880
-26956
-4622
92683
38741
44112
73455
-25673
18209
76547
-86520
28764
-23223
55408
51011
27053
-82720
45853
38220
91741
-31916
97371
-15109
-42750
40084
-16130
-70892
-79125
-34754
-13702
-87244
-33920
-36537
-94868
60100
-80935
-20016
98443
20633
-94928
1570
69751
76617
98306
-16553
9426
-46430
9465
42336
-99444
7564
-78082
74359
87384
-33305
4923
69381
-12147
-76449
87662
-92765
40107
44937
7148
62660
-49709
-88857
2470
25757
-8544
14773
-38656
80380
-66287
-42172
-48368
75153
99821
98483
-89802
-47003
92298
74376
92094
54170
-78755
-1596
-100
15964
42588
-7776
-73420
46824
-59029
70842
79542
95785
57397
67995
-2723
-88805
-30661
77699
10078
-77708
98723
-36043
88903
59049
42329
-62832
-26377
48097
18894
83083
76003
-62781
-85164
-7166
93547
-10355
19045
-75756
-20806
-86660
-18783
-94742
-76835
-77679
10705
94206
65870
70790
-20448
-59769
59468
-89732
7389
-3302
-10127
97922
-61649
-48701
-92207
-81491
52093
-23649
-55090
-98974
-90331
51361
14438
-26647
90053
26489
67708
-39233
30540
-23685
43304
71691
97775
30738
-40844
12072
-45101
85093
-92272
-71966
-24237
77352
39472
99132
-98751
-87897
-45471
12346
-72057
79887
-70952
-15613
58950
38283
-95155
-67122
-96931
52363
-9476
55259
13859
86200
14887
48871
-75263
26505
5209
-20897
-40664
7243
38633
45977
-80046
-78770
80662
-9620
88791
-71388
-46175
88875
47781
69908
-51624
20344
-51354
-41055
39395
48721
-7482
-12224
-43004
73472
81437
93770
7569
66434
85787
-85541
-38047
13513
89396
-63784
911
42421
25789
66249
2374
-61422
-56181
-34904
93034
-33823
29838
-95065
15691
-9230
77402
-11611
47449
26598
52895
90502
-47278
-25571
26627
-37578
-61557
72642
50583
-667
-64246
28402
66226
-84379
-14415
-46330
18659
80496
-89680
63173
-54144
65941
79970
35871
-58628
51884
-58887
66232
79476
-17628
-38207
-28248
37684
35161
-79939
12066
-44359
-39455
-76702
-537
-70991
-76475
21835
-26407
-38990
-89094
-37053
8958
72561
-48655
-45362
-51994
-82399
-22102
62059
88807
52608
82575
-88711
69684
-19193
15729
87941
-91964
-68995
-7851
-64879
27563
481
74638
-35072
-98886
-24143
-76800
-10792
-3268
-39180
-78788
-79379
-13548
52247
-29184
-84124
-60575
83178
-66541
40152
41129
5396
96243
-73430
64281
12707
45023
56607
-60195
76623
-41579
31541
63692
3275
-71807
65059
-47710
-76895
16527
-76550
-29602
9742
8624
-17831
-69997
-56587
-37736
94472
36491
79882
-69771
-44547
80808
-66803
-46034
-98806
-53094
42756
-89700
-75445
89416
62341
45242
36801
63041
-39627
60422
-78040
99740
53235
83819
86834
-96668
32125
73456
-30535
-5827
88424
-24526
-29453
-5604
-62809
-52074
-22074
52393
-17636
-46863
-77982
97566
-16498
-5630
-77868
39578
86422
25941
-89642
97893
17865
-44337
-82956
71011
-27899
68434
-95595
75846
-37718
-48676
-88427
-88281
69873
86477
46549
36377
-81267
-51824
-25730
57762
-86155
83300
65946
-25956
87157
-54877
19172
-46054
53342
-17886
92001
5903
92232
51631
-84970
-24709
46898
17656
-85015
-13745
63033
74463
13916
86653
17782
72045
-51433
17721
23760
-29517
8854
64995
-78569
40069
-55725
17199
4484
-9773
56217
93671
-37986
-15225
53225
-62809
-36290
-71036
-64929
-82304
-59213
-29036
-58688
56648
72158
43756
-58368
-55321
-58084
70980
51878
51199
-67427
-92842
-76868
-15466
-15864
-8040
84390
45186
42418
45316
29437
23844
-67843
74169
-2193
-71381
-86640
-78433
9360
-10249
92636
-17312
-92433
17857
-12553
-83492
9325
32550
42880
8075
-72862
27030
-6375
91751
-66696
-96352
-19422
15869
7263
92591
-68941
-76372
52839
-39789
-65769
92141
-16805
-82629
76612
-47710
64353
-32220
72485
-21290
51064
-92370
-43729
-2266
-49734
42554
29266
-10146
-75610
-93509
95493
-88208
-30060
96106
-59236
95069
-15311
92216
-21520
-18282
-74213
-43687
5219
94539
23713
54053
-86361
-55048
-10249
-15673
94253
58213
88261
-49584
22307
90856
80618
-42934
-91878
20215
-47553
52735
31726
46875
17040
44138
-86460
-23390
-31083
-38919
-43676
-52668
24658
-48497
-6306
17265
15093
39864
18018
-25032
37490
19817
37868
84139
-49413
97767
-82561
8427
-22886
-85616
21997
-50266
-35327
-21048
-96825
49627
-18253
27344
-11257
59076
36411
-40769
-94179
-60520
81818
-92140
-80630
-62363
-44553
-74608
-3153
48559
32252
-41156
77053
59922
-67723
24640
-77144
-23096
282
17532
24604
-9586
-78642
-56989
-49385
-97308
-68506
92514
-8725
23954
-47223
82790
-42807
71312
95760
39621
-62052
-54587
11743
77002
-99180
-26520
97494
-86002
61166
-40510
-56918
-40357
59375
-61814
16135
-35525
55220
-64333
-22518
-5780
83251
-19289
-65556
31212
-71767
34646
70185
33446
-68430
-84000
-39734
82572
52676
85575
-64089
99905
23872
-87874
38600
39734
-38438
70094
-22181
-43014
15829
9066
-16570
-87087
11420
56535
42278
-40050
1725
-66460
-46053
11562
57689
86618
-15469
5135
63769
-37751
-52238
75417
-854
94900
-28421
12233
82300
-79136
-58336
62090
32327
91659
54739
-6693
44804
-24
-85927
-18258
38622
35110
-13903
-94378
93400
-21423
-44184
-63855
-55662
88904
-87311
-70971
-41016
-68114
-12698
45328
57533
-63661
-91821
24458
-46714
-39650
8587
77127
55492
-61347
1020
88768
-15071
44908
-62846
-65997
90812
7151
56515
8387
90706
-1407
22694
-78271
60270
-13275
-79236
68712
22167
-10884
41141
75001
61518
38254
43632
85602
95607
-1788
-18236
68307
69418
-87666
-82764
-37384
19286
15626
21719
8044
-60782
-12971
57930
40292
-51154
-71955
10294
-61479
-17996
36467
46644
71363
-54001
-99969
-94396
-87423
94862
37923
-30780
-60790
49725
44174
-73750
-61478
93233
62725
-27602
74213
16737
79627
24542
-97804
-53390
-23088
-20165
-20693
55088
70812
14587
45314
71065
83962
83363
5655
-32656
86216
13732
-88970
18066
-29052
-76503
-11723
-74812
-98720
-13592
58384
85228
-4950
13242
92627
12717
45606
-99568
99619
-43596
-49218
3441
-72513
-90446
-22453
40068
-25468
89782
-17602
-90050
-72339
44588
17134
-83611
54882
-76459
-48318
-37828
-29386
90132
60306
-29945
84770
-20012
48735
69642
-40089
20929
-55537
27046
-38691
52106
-77857
38379
29452
47945
-28376
-48401
32105
88169
-33048
37729
30266
-64623
37633
55653
90978
73552
-39863
47347
-65760
93557
-13009
-78162
-4784
62706
85554
22506
41981
86346
99142
-51181
77239
71084
87327
21405
-73136
51419
-60547
82117
-35882
74638
61119
-7158
7190
-31532
14693
-13474
82861
-46110
27669
17204
-23611
-79587
-42282
-86358
35137
-37536
-10761
75949
-50396
-27749
50861
25657
-90377
34430
-89925
-16803
-32633
-9067
48892
-62953
29327
-49747
-89350
-86091
-46099
29199
-99185
-7410
-96358
27566
65967
-45276
90927
-37334
-64037
62336
63189
22708
56428
82775
97093
-98514
19669
6706
-96415
4694
-51005
-60465
-8516
-98693
97914
35775
59680
-1189
-3948
-96763
45673
17426
86133
39382
99548
99236
4111
-76191
56969
93530
-38405
18138
-97147
99006
-27574
4974
-18505
85053
11333
49632
24010
-83975
-3989
-96092
-2499
74932
10
-73855
88747
-22972
41587
14249
-51681
-12676
52798
-39526
97238
-63284
42734
24
-69582
-77523
-3404
54390
-25695
23993
14215
76959
22363
-39245
-74579
93467
44508
32668
19237
-13599
-89651
-14070
-61711
41063
-86184
68512
-19827
50871
-43356
-36035
-53935
-87300
70005
39440
35409
52866
-26632
-77412
-24471
-81328
-58056
15249
-47590
-72860
11014
-56253
-83770
-97088
6118
-17140
-78070
29311
-96284
-96362
-34265
-21533
69003
20863
48965
-68164
33473
79736
-72563
-18301
-33702
-52995
9406
52869
21104
20259
10536
-62426
68546
-79100
-27063
-55725
86897
73386
13894
-98742
55564
22889
-84705
-73437
44618
85519
-13275
-99763
-34789
-96717
9974
-26986
-78396
4705
58161
28567
70691
-15527
55206
21054
16696
38799
73210
39103
-98691
25824
82316
-46549
88584
-96751
17908
-62367
-40993
-87408
-3038
28500
84081
53389
96309
45107
46094
-32071
-56231
14818
-82825
-6146
-50148
-11293
13055
-14866
-95302
51010
39323
20852
88719
15386
53173
-49734
-69333
96390
13548
-83033
41413
-53542
14215
69180
61070
-97654
85379
64985
-27722
4139
-77887
11594
31517
-81089
-77750
-51583
-79141
21785
20786
-76635
-11838
78215
-5633
57262
56475
77459
-99005
8171
99577
-10937
77141
94198
-4414
54474
82120
29953
-91626
-77395
35658
6891
92265
8746
96042
44190
62931
18672
-39793
20970
-54450
66948
-37620
301
-33603
55504
-57835
-58429
-37810
88201
42565
20962
27674
-73125
42531
82054
-52372
-22369
-30800
57203
-99885
-32039
-12034
-59273
-34771
-32392
76644
-13498
-51938
33536
49815
2851
272
-12575
57878
-5828
5426
56873
52572
9120
76660
-41127
-34531
53658
68657
21280
50652
-62941
-98409
-30245
-93109
-68009
-86605
44995
-16212
-97483
-75679
-50537
-92355
99792
87397
-76816
88132
-53718
54624
13889
17570
11605
-45212
84176
77790
-67353
-44190
-47865
-4200
-45847
69286
-3216
99108
-68458
28841
-84311
-15595
-30193
-82470
68716
-70390
-63807
24238
-66309
57059
-10923
82595
-90175
-54593
-49178
-49637
-72960
-47961
-80753
-71164
-21098
-20379
9402
29227
2566
-5226
91639
26129
29399
6753
-53329
68493
99739
83058
39631
-5013
-78534
23162
-82633
40770
35684
-75764
64127
76261
-19491
-31025
-16782
66204
431
-8728
-97884
-42757
-61461
-17902
45759
-28224
-40017
-87529
-6224
90933
-42039
-73885
55760
18663
-13592
-38601
-14611
-24602
28595
-20876
76404
-54791
-27006
76847
25762
-68148
42508
16723
-14102
-2131
-40782
13009
-51880
-1546
41277
59884
-71306
88117
39813
35586
-60796
-22978
-38531
-94400
-76042
-17755
-10508
93037
-67956
-92499
3940
42989
-65939
-70743
57877
10806
-20266
78999
71507
73576
-6324
69477
37292
15935
68075
37880
-28467
82450
-33406
4152
-20726
77853
36835
-25894
-95280
26680
4225
-69273
-27038
14401
-5218
-68079
-37876
20958
-11492
96816
4298
-93864
72866
77442
37426
3266
-98004
14388
43130
49176
77254
60637
-65579
89367
73724
-34714
62988
-63389
69449
-84446
95340
66818
-52890
1689
36999
53662
-23184
35081
-38380
69477
46689
53058
76514
64654
-78400
33254
-69541
-78071
-3866
-39683
80724
44101
-11423
1610
-37891
36167
62207
3034
70482
2662
65152
-91726
-4893
64199
-741
1947
-68246
83651
22875
-52851
-69694
-67554
6377
-53447
-52948
87003
73308
2898
23384
-98918
98169
-74424
6449
-36279
9620
26697
-52457
84479
69991
-69074
56984
50478
3479
-46466
-42192
371
40663
27060
-84255
44690
45110
8650
74858
-56089
-93224
-86718
-44557
76606
-76535
60648
-20735
19426
-78546
-66498
64523
-8319
40576
35436
94107
-50566
-4006
-25169
10462
-6564
79449
55012
98246
16039
27749
27677
21649
-60305
78788
84440
-56719
15371
84887
24222
68585
-7904
78518
-67050
-75611
62510
-79658
87184
-83229
25657
-5384
-5301
-19190
77892
70343
-79837
24777
-70615
-73322
-25973
66494
60585
-58679
-45323
54565
85433
-15749
15072
-80693
-54567
38085
-13622
-64884
-98534
56575
6021
10521
-33217
-45874
-99665
-25424
59334
-59848
9339
39592
74254
-29152
22439
67655
-63990
-28163
-22482
81553
47505
66174
-35870
-66924
30464
56081
83614
35843
-47242
61533
-12887
-41029
-14610
-37989
-92097
77443
29495
5853
48513
-92856
-96466
22942
-73237
78094
1347
7851
76569
6532
-88946
-6143
82533
49078
92416
-2061
-35033
-28775
20591
84617
81254
22985
6727
55712
-980
-39593
-78283
-74274
-27080
38248
92992
13774
6513
46512
-30879
20383
14547
-70126
-6701
-22643
4320
-3605
-64949
-42701
82566
81251
-3923
22744
-45100
94203
-98257
-46153
71357
22014
48089
-74193
-83976
-34076
-86119
-52635
97455
13411
-15987
24740
-99065
-63906
-93001
-75814
-45320
84273
-71831
-58328
6641
-40604
79072
-16971
-21928
34115
-30149
-91417
-32470
-17094
28374
-4759
-81704
-27482
-55024
-21752
63233
-45231
49096
12085
35294
-79516
-26164
8936
-23363
-8138
27982
-49240
-46477
48456
40139
73365
50919
-53859
44378
-11462
-77852
53389
-3418
23485
58695
95020
38751
24910
23811
-94671
89584
23471
-3317
-22742
87493
-92456
71571
34597
25544
-77473
23529
-52281
-64421
74859
-63232
-43750
88434
34795
39698
-99884
91649
66408
-48280
-39312
79721
4962
30527
-54897
15649
77548
60726
63866
-22123
-72077
-79479
26982
76924
48276
-16262
56633
-4167
-46794
-57655
-85600
35440
24683
-88069
46721
-36350
-10618
-8283
24047
-9288
98123
76634
92056
-10456
-94344
-89239
65161
-34303
83803
20451
-36593
31638
-27031
20525
51216
-40048
33345
80509
24366
-79018
74301
64054
-49406
-92406
-84219
-84442
67818
4298
61545
59699
-2055
10231
42917
-10765
-41922
43610
97126
24805
53452
84422
62301
-78673
86724
77101
-3166
-53441
28778
-8181
-6542
38982
12925
-49345
-79222
38332
97358
68330
67481
-8191
-65069
67842
-55077
-50170
-60052
28615
25459
86109
74280
67253
45426
-90084
82313
28460
39915
-96927
-68113
-7857
-23747
-93957
-41843
97467
-14790
-2112
-63640
44177
49481
76669
-61177
-79444
35625
89708
26346
17633
95916
99555
12165
-52159
93259
-14247
-90891
77663
-79338
-42575
-7948
-41354
64593
50740
-48827
-61568
41586
-28753
5415